2520
1113
5003
2104
3705
7679
6738
2933
132
9856
9233
6451
2159
8481
1274
1109
2703
1457
7086
4045
2845
2913
3802
9535
9726
1126
4786
9126
2787
7453
7325
2806
4126
2574
993
6785
8855
7828
737
7869
9246
876
2676
7222
6689
7772
1768
2256
4176
4518
9142
4096
111
348
7192
6396
8316
1366
1016
2511
5474
4898
2267
8962
6589
604
7550
24
1406
3167
9135
6312
4961
5818
1023
48
4750
3990
7847
7095
3853
6199
8857
1060
190
9761
4024
5422
3543
2285
667
9268
991
3772
845
1518
1307
891
265
2163
8518
2103
6596
6924
5014
7971
6443
3849
1165
856
4847
8883
5694
4509
2094
8929
3761
2839
2964
7119
9320
3106
2562
1115
8531
1920
478
1954
7568
6530
6346
3612
1623
4069
249
7587
6725
9726
1647
1449
9496
3114
2265
1786
1547
2095
6334
7295
241
9527
6836
1205
4679
2158
3301
8142
3253
2681
2739
966
4246
2489
8010
377
2585
5057
5845
9859
838
3652
5428
2968
7573
995
3756
7493
2843
4550
1295
8582
5014
6328
2622
6618
1004
712
8333
3268
127
5949
8902
163
6403
3913
8016
4068
8611
6546
7136
4518
2145
4189
1585
1358
6429
1292
8209
1373
4440
3801
8316
8047
504
2467
9772
1508
7566
1913
8113
2244
7319
5412
4398
8671
385
3354
5204
9124
9038
1040
6499
7091
1629
5952
2766
2403
4135
6284
3134
2472
776
4721
3738
9312
9567
3727
1894
7709
3223
6312
9177
6424
1734
7479
7123
6532
5958
2468
1727
48
8547
7605
6005
4017
4324
8198
6627
3024
9197
7580
5741
127
8644
4054
2755
3298
2098
6917
6754
9036
253
1870
1373
7223
4548
7886
6366
8536
5243
3085
279
4178
9479
8022
190
3722
5916
2054
2441
1899
9925
6739
5702
9051
2723
1487
2798
9294
6731
7101
122
1289
7753
8419
2326
1657
137
7856
3878
3157
5479
7216
4103
2753
8453
638
2215
3845
4446
8825
7255
1614
5064
4650
1311
4243
5583
3045
2915
3882
8064
366
853
1180
2707
5966
8507
9574
2685
2406
2803
850
6260
3203
9748
3237
6356
2050
7703
5706
5841
4454
3125
2047
398
3225
6098
1614
6606
4927
2699
2016
2202
9361
5804
7405
1682
1928
1397
3654
1271
2039
1518
5750
2296
5102
7080
5302
7275
2653
6438
2609
8383
2294
9260
5912
447
7095
4982
6294
8602
3510
9517
4246
3985
9453
3222
644
7440
56
1323
9409
320
9356
4253
6747
8956
6075
6506
4844
4035
1093
668
9842
2702
3105
1571
4287
163
2988
2580
5394
8425
4273
6817
5654
2524
9803
1051
2489
6787
9815
3621
719
1920
4140
475
6408
8424
6687
4514
4431
9268
9810
1266
837
7319
6750
7586
1086
7073
7585
435
9706
9124
2873
8592
2454
2901
3362
4163
9284
7188
5308
9707
8760
7967
5504
9341
9285
772
4916
2601
3928
502
6734
7103
2082
8642
3270
8146
7516
1907
9662
9787
2006
562
6838
2144
3696
8930
1339
1591
3821
2923
9744
7078
309
789
6352
1405
842
3959
3378
1110
6029
7841
6350
2907
2673
7127
112
6329
3153
4127
7947
500
4286
3261
6639
8092
1259
3164
8733
7598
5340
4464
2042
5469
4972
6985
9539
1378
6831
2763
2097
8162
9031
4588
1405
1407
4763
2190
2133
9602
3172
7469
7726
439
2218
4555
1853
4825
4319
5195
8801
2304
5066
9098
7459
9000
727
1892
18
1973
1148
2614
8504
5187
4063
5552
5664
1186
5878
1758
524
434
47
8871
8082
6091
3458
2437
9463
4049
3188
7814
3055
3830
669
2002
6963
4032
76
5119
8228
1756
9673
4065
9135
2467
5083
4277
6690
8829
1068
5488
4958
1843
4617
2308
3581
9177
4878
7251
6630
6315
1010
2551
9566
8919
9039
7936
7857
3004
6661
6703
5634
7297
270
20
3471
9754
8885
5811
297
2310
1827
4316
4210
8460
7786
4955
2584
40
9798
7229
2385
4416
993
5204
4663
6779
742
2316
7622
1668
4184
959
4723
1020
1716
8502
5632
8414
627
1170
557
6535
3333
9834
1697
4390
8827
5493
4474
1488
755
2954
401
2758
9177
7542
5697
3547
3868
2910
3913
3553
1951
9238
9008
3348
305
9889
1609
7593
2767
5641
8103
6104
8280
8754
8243
5351
1538
6874
6891
6025
6731
7364
1757
7992
9970
5605
3813
6750
7415
2606
3491
1034
6561
7787
5793
3329
3246
5211
7571
5283
592
482
1823
2543
7510
139
4847
4841
3624
8018
1269
4780
8696
1281
478
8379
7845
8633
2874
1916
2369
2179
3291
4263
5749
5431
637
2475
9732
7853
4325
1714
526
1219
1628
1542
9382
5406
1614
2436
85
3812
7293
4112
1296
7882
4156
9961
104
137
8841
7662
8929
6454
2122
6705
85
1426
124
6459
5401
783
88
5968
6289
3813
5687
5716
3167
9395
1591
5487
8754
3418
1214
4541
6701
8230
6094
9321
6884
2366
394
3371
975
6447
1736
2367
4664
4836
1863
7880
5111
4857
4947
7668
4432
6799
1495
2914
2891
3762
6931
4658
5829
266
1998
748
5221
8511
8701
9123
9458
6305
4
9819
4371
5526
220
8569
8486
5157
1718
1802
5701
1586
6399
9751
9877
9147
3733
9607
6257
8051
9961
6693
4808
5453
7941
2644
9154
1723
4560
9808
856
4439
1168
1942
4197
3875
1375
5943
615
3388
4880
4681
7690
9300
2116
5695
7607
1327
4713
1963
185
1390
418
3345
321
9883
60
5997
11
7060
3664
7895
2480
7995
8405
4373
1981
7869
5336
5666
179
4802
6494
2670
816
1445
1641
2295
2671
8084
1162
3078
3579
9098
7142
5213
8762
7659
5931
4575
1288
7760
7876
3216
6865
6932
4492
4207
8467
701
720
2225
1906
639
3800
6081
6798
2126
1927
4116
1251
4594
4672
5745
1791
7776
1916
3441
3194
9927
4153
3539
7393
488
3701
612
5538
2713
8764
4397
3615
3451
6942
3421
8893
875
3989
456
1036
5030
4565
7344
9596
3073
9556
6915
6622
