2520
1113
5003
2104
3705
7679
6738
2933
132
9856
9233
6451
2159
8481
1274
1109
2703
1457
7086
4045
2845
2913
3802
9535
9726
1126
4786
9126
2787
7453
7325
2806
4126
2574
993
6785
8855
7828
737
7869
9246
876
2676
7222
6689
7772
1768
2256
4176
4518
9142
4096
111
348
7192
6396
8316
1366
1016
2511
5474
4898
2267
8962
6589
604
7550
24
1406
3167
9135
6312
4961
5818
1023
48
4750
3990
7847
7095
3853
6199
8857
1060
190
9761
4024
5422
3543
2285
667
9268
991
3772
845
1518
1307
891
265
2163
8518
2103
6596
6924
5014
7971
6443
3849
1165
856
4847
8883
5694
4509
2094
8929
3761
2839
2964
7119
9320
3106
2562
1115
8531
1920
478
1954
7568
6530
6346
3612
1623
4069
249
7587
6725
9726
1647
1449
9496
3114
2265
1786
1547
2095
6334
7295
241
9527
6836
1205
4679
2158
3301
8142
3253
2681
2739
966
4246
2489
8010
377
2585
5057
5845
9859
838
3652
5428
2968
7573
995
3756
7493
2843
4550
1295
8582
5014
6328
2622
6618
1004
712
8333
3268
127
5949
8902
163
6403
3913
8016
4068
8611
6546
7136
4518
2145
4189
1585
1358
6429
1292
8209
1373
4440
3801
8316
8047
504
2467
9772
1508
7566
1913
8113
2244
7319
5412
4398
8671
385
3354
5204
9124
9038
1040
6499
7091
1629
5952
2766
2403
4135
6284
3134
2472
776
4721
3738
9312
9567
3727
1894
7709
3223
6312
9177
6424
1734
7479
7123
6532
5958
2468
1727
48
8547
7605
6005
4017
4324
8198
6627
3024
9197
7580
5741
127
8644
4054
2755
3298
2098
6917
6754
9036
253
1870
1373
7223
4548
7886
6366
8536
5243
3085
279
4178
9479
8022
190
3722
5916
2054
2441
1899
9925
6739
5702
9051
2723
1487
2798
9294
6731
7101
122
1289
7753
8419
2326
1657
137
7856
3878
3157
5479
7216
4103
2753
8453
638
2215
3845
4446
8825
7255
1614
5064
4650
1311
4243
5583
3045
2915
3882
8064
366
853
1180
2707
5966
8507
9574
2685
2406
2803
850
6260
3203
9748
3237
6356
2050
7703
5706
5841
4454
3125
2047
398
3225
6098
1614
6606
4927
2699
2016
2202
9361
5804
7405
1682
1928
1397
3654
1271
2039
1518
5750
2296
5102
7080
5302
7275
2653
6438
2609
8383
2294
9260
5912
447
7095
4982
6294
8602
3510
9517
4246
3985
9453
3222
644
7440
56
1323
9409
320
9356
4253
6747
8956
6075
6506
4844
4035
1093
668
9842
2702
3105
1571
4287
163
2988
2580
5394
8425
4273
6817
5654
2524
9803
1051
2489
6787
9815
3621
719
1920
4140
475
6408
8424
6687
4514
4431
9268
9810
1266
837
7319
6750
7586
1086
7073
7585
435
9706
9124
2873
8592
2454
2901
3362
4163
9284
7188
5308
9707
8760
7967
5504
9341
9285
772
4916
2601
3928
502
6734
7103
2082
8642
3270
8146
7516
1907
9662
9787
2006
562
6838
2144
3696
8930
1339
1591
3821
2923
9744
7078
309
789
6352
1405
842
3959
3378
1110
6029
7841
6350
2907
2673
7127
112
6329
3153
4127
7947
500
4286
3261
6639
8092
1259
3164
8733
7598
5340
4464
2042
5469
4972
6985
9539
1378
6831
2763
2097
8162
9031
4588
1405
1407
4763
2190
2133
9602
3172
7469
7726
439
2218
4555
1853
4825
4319
5195
8801
2304
5066
9098
7459
9000
727
1892
18
1973
1148
2614
8504
5187
4063
5552
5664
1186
5878
1758
524
434
47
8871
8082
6091
3458
2437
9463
4049
3188
7814
3055
3830
669
2002
6963
4032
76
5119
8228
1756
9673
4065
9135
2467
5083
4277
6690
8829
1068
5488
4958
1843
4617
2308
3581
9177
4878
7251
6630
6315
1010
2551
9566
8919
9039
7936
7857
3004
6661
6703
5634
7297
270
20
3471
9754
8885
5811
297
2310
1827
4316
4210
8460
7786
4955
2584
40
9798
7229
2385
4416
993
5204
4663
6779
742
2316
7622
1668
4184
959
4723
1020
1716
8502
5632
8414
627
1170
557
6535
3333
9834
1697
4390
8827
5493
4474
1488
755
2954
401
2758
9177
7542
5697
3547
3868
2910
3913
3553
1951
9238
9008
3348
305
9889
1609
7593
2767
5641
8103
6104
8280
8754
8243
5351
1538
6874
6891
6025
6731
7364
1757
7992
9970
5605
3813
6750
7415
2606
3491
1034
6561
7787
5793
3329
3246
5211
7571
5283
592
482
1823
2543
7510
139
4847
4841
3624
8018
1269
4780
8696
1281
478
8379
7845
8633
2874
1916
2369
2179
3291
4263
5749
5431
637
2475
9732
7853
4325
1714
526
1219
1628
1542
9382
5406
1614
2436
85
3812
7293
4112
1296
7882
4156
9961
104
137
8841
7662
8929
6454
2122
6705
85
1426
124
6459
5401
783
88
5968
6289
3813
5687
5716
3167
9395
1591
5487
8754
3418
1214
4541
6701
8230
6094
9321
6884
2366
394
3371
975
6447
1736
2367
4664
4836
1863
7880
5111
4857
4947
7668
4432
6799
1495
2914
2891
3762
6931
4658
5829
266
1998
748
5221
8511
8701
9123
9458
6305
4
9819
4371
5526
220
8569
8486
5157
1718
1802
5701
1586
6399
9751
9877
9147
3733
9607
6257
8051
9961
6693
4808
5453
7941
2644
9154
1723
4560
9808
856
4439
1168
1942
4197
3875
1375
5943
615
3388
4880
4681
7690
9300
2116
5695
7607
1327
4713
1963
185
1390
418
3345
321
9883
60
5997
11
7060
3664
7895
2480
7995
8405
4373
1981
7869
5336
5666
179
4802
6494
2670
816
1445
1641
2295
2671
8084
1162
3078
3579
9098
7142
5213
8762
7659
5931
4575
1288
7760
7876
3216
6865
6932
4492
4207
8467
701
720
2225
1906
639
3800
6081
6798
2126
1927
4116
1251
4594
4672
5745
1791
7776
1916
3441
3194
9927
4153
3539
7393
488
3701
612
5538
2713
8764
4397
3615
3451
6942
3421
8893
875
3989
456
1036
5030
4565
7344
9596
3073
9556
6915
6622
216
8396
9717
1208
1029
1583
7744
7485
8723
587
6538
3933
2771
6046
8662
3833
9551
1899
7596
8762
9758
3581
7197
8146
1735
5788
402
1250
4473
3918
469
9086
3258
7647
6274
8766
6814
8868
6207
4406
6603
7085
9690
313
1578
4953
3810
4745
7553
2591
3640
7506
4735
7353
2935
1960
631
2003
562
6430
1249
4117
2749
2184
7165
8141
1424
9123
4634
2145
4871
2980
3382
1924
380
238
4038
5126
4649
3960
3896
3425
3753
6718
295
8337
8463
1062
6304
4259
2873
7110
6290
306
1493
2597
1787
222
4021
6671
7809
4110
4912
4477
5133
5703
6697
7636
4863
4461
148
9996
7374
6217
6213
5284
4126
3356
4267
2180
2920
5476
1230
868
2292
3660
1365
6219
4858
7176
6235
3098
3930
8482
3362
2154
4120
1967
4504
9267
6428
4645
3434
6126
1897
192
4310
3230
8188
259
7765
4026
4231
1517
1769
3646
687
3612
6723
932
6467
8630
777
5692
6558
4469
2486
179
6655
595
1282
4723
3687
8391
99
2071
962
910
180
5106
409
7917
7765
7297
183
4582
2243
1454
6107
3386
1625
8294
1822
9918
903
109
757
7841
5939
240
9705
7180
2286
6428
9254
3898
7128
6766
4256
5178
6501
6602
2989
3459
5538
6367
1998
5352
5411
5898
7455
7229
1519
1851
1250
2713
8718
3765
327
2619
2609
4938
2592
3649
548
9638
5554
1463
1200
5594
8285
3373
3731
3469
1327
7805
2052
7598
4326
843
113
5884
2373
7646
4315
4361
201
1630
1333
749
572
3853
7241
1623
2522
7643
7948
7977
8210
1333
8691
3157
1903
6047
8405
4290
7864
2898
6899
6564
6933
2710
1270
8683
3
932
2087
5034
2009
5925
1941
6907
2764
7615
5346
8561
6288
3138
4143
2366
4352
7549
7369
6038
1855
8391
372
483
1008
8939
4904
9755
1940
1090
3273
7167
5458
1639
3835
6757
4059
2264
1508
1992
2446
1001
5524
1534
8569
9821
2100
9323
2610
711
235
1733
2773
5773
23
4599
5135
9919
7818
1177
1050
4151
7666
4272
5353
5345
5485
2706
9927
3644
2620
285
1131
4898
7144
4472
1935
3717
867
970
7585
4138
1681
5257
1641
5434
1062
950
1660
8087
6017
1288
9393
4076
5465
5766
578
1416
5431
1433
5
4316
7333
4432
4603
8450
2661
1590
5768
3793
7269
6721
8149
7711
3025
2540
7795
2022
4970
2216
5201
2250
7877
1455
1679
3849
2071
3017
2451
7476
688
6242
8108
2094
2085
9915
1846
6290
5299
5247
110
890
1441
9898
6374
2333
5285
1493
5690
4824
9305
9445
7412
1169
399
3333
509
2167
2355
7457
9334
4942
3505
2421
2102
7738
5558
5044
6116
5146
6907
2557
119
6023
4063
5579
4139
4397
3636
6477
440
537
4941
981
382
8467
3047
6724
8067
9598
5574
1654
8321
3486
288
8938
505
1113
5280
965
9404
7233
9028
4311
7772
2081
9128
2750
990
6854
8486
1066
1203
496
526
8001
6007
4953
2211
6179
7193
4117
3222
9936
9708
6571
8839
3977
9726
7795
9321
7189
5207
256
134
6053
1236
9360
6707
4922
6277
913
3332
3589
563
3446
3555
47
6615
6299
8445
2698
3078
8341
5645
536
3601
382
2190
2170
2989
9695
3531
4988
221
4014
5625
1471
5497
2795
1880
3975
2553
1573
5205
7750
3458
2771
6532
9496
8805
5360
9228
3729
500
2294
963
8980
3302
5966
300
134
4173
8902
2605
2306
950
8260
598
7309
657
4731
1343
4621
6642
2091
4226
7542
9943
9262
8041
6021
682
7088
4505
1472
425
7871
607
9165
853
1556
4521
931
9512
4911
1784
4382
1562
2074
1540
2919
7477
7687
1265
4403
8567
6747
5745
635
2425
5583
7211
7660
3550
9157
8378
6271
5102
9912
2089
2284
2564
7479
8669
9610
356
1859
4083
9290
8800
2791
172
7942
3533
520
2197
3699
8162
8076
9276
1150
1201
112
9249
8055
5753
5796
9113
5991
2971
2362
7929
7895
3483
6784
721
2132
410
8522
1366
7934
7074
6003
6836
5696
4289
2261
6932
8485
2921
7943
4027
5192
6151
2022
4371
908
1603
9496
4670
2174
9287
2109
9495
8392
4628
6310
8348
9207
4034
8315
505
6816
598
1095
4342
8718
3096
4887
2645
7567
149
931
3364
5312
7811
1740
1642
2757
6915
6535
2704
8349
9964
5144
8700
6230
1286
3923
614
765
2403
7598
4453
8041
4021
5707
2426
8761
2892
6709
3216
9818
3118
5417
353
3277
6300
8791
669
2969
3475
8681
5031
4493
7728
7636
5232
2232
1944
1276
1816
413
119
1836
2241
1009
1799
4038
519
1255
4499
3448
9677
2478
1068
801
2218
73
2396
1810
1604
9279
4569
1495
395
7028
8732
7624
7625
4520
4899
5515
408
975
5828
1133
5142
3488
6051
5777
3909
6385
1094
1000
2533
2852
278
274
5877
363
9225
675
7911
6721
4990
4329
7237
4364
8712
3325
2193
9581
8879
344
9009
7258
4371
1304
8810
6079
1474
1636
1420
784
3740
2668
3903
3842
230
2516
7948
9099
6732
6066
3599
8694
1034
4790
8155
1355
8524
362
8559
9503
4116
2186
2696
520
172
1734
8375
2212
3197
6118
4964
7531
8623
5325
6451
8417
1906
0
6438
3840
3821
7145
8755
1430
9428
1511
5448
2075
6911
3464
6892
902
7881
2330
5175
8464
7239
7519
581
5385
618
4751
1686
1689
8741
9858
7850
7914
563
6222
9052
2436
675
6637
1244
1225
6710
4147
5569
9811
2203
7535
3439
1530
7880
6480
8149
778
235
2858
2714
7460
6337
1320
2890
2004
520
5188
7387
963
4656
5701
421
3646
904
5752
2241
7207
5382
611
7440
1531
614
4886
4992
1971
3319
2435
1947
6366
1713
4895
9840
3135
2764
633
9574
9203
2734
1482
9358
7334
4147
3982
4873
982
466
2034
6234
9640
3917
5374
1372
8954
6249
9702
8887
105
7679
6251
2128
5044
8274
9879
3102
7169
5505
1289
6900
462
6512
5245
4140
4090
3266
4864
896
4405
442
3203
1023
6085
595
1165
7374
250
7259
6342
3005
7717
407
2241
108
1380
2708
1466
6957
2689
1674
2913
6955
4941
869
389
5420
1127
6679
8708
3907
321
1496
4386
2185
4164
8591
1736
2381
34
758
1039
4073
8349
2457
1277
8071
9159
1855
3487
868
121
4349
616
4292
8248
7175
1001
7430
9476
8856
1362
9017
4355
7715
2583
4143
5406
6427
6326
3025
2138
5136
200
6595
9450
3515
9718
4058
8611
8749
4415
8683
8256
883
8839
2086
2439
1916
3041
2178
4699
7469
9697
8266
1347
5
2203
9097
5868
285
6272
98
9610
2211
2106
5620
229
2007
4949
8572
6417
468
1825
3723
5950
131
1973
8745
6018
6701
9879
521
723
1696
7145
7855
2586
7156
5062
9792
7204
622
5629
1321
1947
6149
2445
2275
9332
5091
914
6277
1242
1981
9006
922
427
1383
9275
6837
5009
5490
9520
1090
4308
2216
2627
3679
1342
5849
7615
2283
3904
9398
2246
4109
3395
3470
4312
5464
1633
6968
7044
7070
8196
1680
8349
227
8975
6501
7185
3091
6348
2899
7383
1366
5046
5676
6087
8562
7337
2348
959
1474
1590
4541
2226
39
1883
1352
5443
2940
5906
9501
3795
6702
8841
6469
2423
7659
1714
2246
4238
9466
8956
3127
6290
1068
5362
229
4028
2257
6737
8037
6365
4510
4880
8250
8234
7613
9019
1017
983
7462
3761
7132
8184
3389
9488
2212
2900
2556
1596
722
1691
3778
2663
8264
8169
8764
510
5531
5675
1443
464
2187
9746
7382
5061
8695
5654
569
1164
2651
716
7870
9637
1963
9947
7812
128
1588
9931
4797
7174
1697
4591
9076
359
7212
661
3566
1347
7205
9580
2496
7581
9192
6117
6626
716
2778
9197
5731
3892
484
6297
6317
5270
5907
5379
9274
7203
5167
7237
4806
9830
6442
1779
5335
7538
5068
510
7899
1561
5149
9782
3185
4672
3026
6207
6555
3263
1676
9063
689
9229
3869
2327
2730
3531
4076
1801
6775
1904
5867
8713
9088
6549
3271
7582
9459
7218
6511
1867
4730
441
5225
1345
6509
4768
8322
2616
328
2485
2533
9245
4429
5646
45
8046
3117
7358
3086
7556
9011
9103
4497
5664
1922
1612
3694
2889
9745
1629
5807
9061
7571
4569
2034
358
1324
7351
9296
9815
1649
2694
1228
1991
95
3598
4142
4565
4030
5286
1056
3709
8839
2888
4216
6801
3668
7665
728
6844
6952
3917
642
2755
8783
8899
4448
9469
7254
1116
5283
5220
1998
2106
7915
573
3293
9991
870
3172
5334
5915
4844
6187
8810
6563
3306
2709
5231
2958
6125
9614
1536
4745
8290
9326
5733
8445
75
4045
2548
3975
6277
8121
1704
6233
8712
4821
3793
8176
7294
7028
4668
3445
7272
871
8405
9880
5165
8612
8058
265
372
9624
2578
8457
1141
4253
9101
9361
2491
6015
2381
288
9084
5211
6102
3419
1244
58
1058
3489
3902
9469
1289
4909
8205
7433
4031
7343
8314
2677
6909
9036
999
1857
7157
5845
6708
5961
8416
9558
4007
5562
1626
3632
1169
597
2145
377
4639
2626
5945
7713
5230
8470
6692
2937
7939
2104
6256
1600
857
2176
2625
7710
428
6786
8209
9684
7622
1978
5445
851
6744
6663
4850
6797
2348
7485
6255
1113
1224
9893
4541
4618
2006
3880
8453
226
3809
1069
5344
2819
7090
4559
1053
5863
9196
1442
6670
1968
1637
7239
804
9586
486
8782
8013
4560
4789
2027
9242
772
7601
252
4326
1651
9005
5723
7460
2305
1889
2607
1256
7616
2589
1911
4121
1439
2735
8346
2101
8369
1623
6856
5654
6010
2057
5174
6771
2609
8547
5016
6922
6259
9104
1423
5244
5477
1660
1429
7914
3068
6985
7719
5343
6288
9121
3731
9837
1374
749
3809
6525
6541
37
7815
4465
2131
4249
5655
6477
8617
1567
1884
1189
1148
5342
5541
5864
4742
523
3073
1790
9244
9874
1196
4189
1113
2503
8617
1218
2044
9981
5168
6127
3357
2759
4505
9488
3861
4125
2762
6642
9470
5842
2702
1717
777
6355
9607
9985
1775
5730
1829
4376
2090
8372
4391
235
6357
4743
881
4591
4353
2072
783
6785
2137
5253
5961
1816
1640
1950
2823
3706
1274
9553
7719
1490
4384
9223
6109
5568
888
841
7354
9809
9533
726
1376
6688
7194
1897
3940
5133
2037
1239
7269
8541
5417
2566
8621
323
7044
9493
3189
6574
6579
7703
9054
2338
8507
9761
1325
267
2842
695
2871
1696
1260
4994
7246
2612
786
7909
1386
259
7200
7664
2267
1131
2182
5940
3565
4424
8946
5559
5005
5
4387
5947
6236
1103
2513
9755
4258
364
379
1861
7317
8029
8097
2430
3657
9536
6276
7378
8682
1769
9242
267
2744
8449
6166
3429
9282
2383
4584
6623
4903
2295
1217
9524
3432
7936
1369
2491
6002
139
7157
9419
1499
4576
931
3027
3291
3147
6487
4489
1469
935
5931
3938
2853
9625
9251
8210
8900
7473
1263
1732
3306
2061
8964
1563
7755
6302
2877
5530
374
8030
4350
4641
8098
4882
6250
3817
1545
1597
3461
5779
7258
7878
636
603
1609
9643
835
1347
2954
1813
9119
4829
4430
3149
7046
4776
9885
208
436
9631
517
3871
4048
8383
2737
1338
606
2264
3150
7199
8453
5669
970
6029
1251
5391
7981
5949
4000
6255
9389
9763
6657
5203
7980
1874
1326
8067
6213
9742
4742
4292
6760
2726
3089
3852
145
6881
8919
2871
1087
6423
9167
3706
4932
9364
4042
470
4729
8457
3809
1472
2484
68
9675
9806
7452
3169
4116
1620
5004
1
395
8815
7062
8281
1995
4914
762
2222
637
6112
9367
5440
8059
4553
6113
2404
3639
8440
1172
5703
9005
652
7768
6479
2343
2630
7365
1668
9712
6274
4697
463
3755
170
6568
9458
501
7783
4131
4153
1880
3961
252
2879
8497
5225
8888
212
1972
8941
2118
5917
318
9804
4336
6060
8892
866
496
8930
6090
758
69
82
2318
2363
6981
9336
7559
1028
1669
5546
528
4363
2567
3230
5833
627
2275
9468
3800
348
6169
7029
7691
2824
1461
6420
9153
8748
8948
3444
5978
3384
4375
3890
3645
8139
3798
7924
1337
1104
503
1514
2829
9534
623
1748
4635
2479
9927
6325
2250
7006
7410
3894
4748
1495
5823
1246
5792
3706
4778
6160
3017
7584
9976
2998
894
8977
771
2157
1987
9589
6866
6016
631
7657
2524
6777
3152
8693
142
8550
516
4764
6492
5529
9865
1651
5973
4770
4304
7445
6602
9424
5597
7446
1103
9062
58
2327
9907
3131
5037
4873
4397
6325
3079
1190
4632
1894
7150
3996
6928
4455
1853
971
2317
644
5098
2546
3407
1769
3017
7637
1291
2508
8559
1105
4934
4282
9962
2675
4238
7174
1839
1542
4145
255
7683
8555
7096
370
542
8238
7860
128
653
8950
7581
2114
1719
3021
8727
329
5859
6225
5045
4378
3192
2891
6050
1403
9492
7710
6126
2007
9121
994
1797
632
2021
6913
3863
9638
1993
1921
3459
4970
1372
6292
3237
8040
217
5340
9938
4621
6822
1123
1250
933
2766
1178
5373
9248
8674
9392
7881
9509
5595
2517
451
7432
2035
7696
1595
8520
9381
2366
6117
7228
1298
6556
4029
2384
3062
5815
5227
1050
1034
8977
5383
2226
4235
535
9535
7185
2058
5649
1143
9561
1957
7753
5072
101
3735
8304
3516
1074
1500
4781
1169
159
551
7575
188
1569
871
1413
1880
410
5383
7940
1183
778
9301
9577
4271
7895
8102
8680
273
5129
5352
8996
3574
1401
3192
7640
3875
2748
7428
2261
287
330
2083
7613
5739
4483
7316
1456
7361
2964
7893
436
7871
6038
582
4810
8262
1833
9789
6654
1726
9951
6602
2592
2973
5707
381
577
5176
4220
1623
256
857
389
7215
7510
8497
8639
8678
382
6543
6128
2189
9321
4002
6078
5445
624
9292
8303
8470
6476
1911
6387
4053
1075
460
2404
4272
9027
3714
7564
6060
3796
6596
760
1793
5769
4535
1244
4291
520
8938
4023
6421
4490
3614
6968
7705
6533
2552
4385
2795
9320
1028
6491
6959
3798
5100
8651
504
8102
6810
9011
9163
1338
4171
5180
8338
7936
948
1970
1637
3782
3161
5152
2646
4577
1771
3406
396
1630
642
472
2547
2330
5836
6481
6562
8000
8901
3224
9245
1650
7271
7258
5803
922
2115
696
8363
5521
8625
9114
179
9967
6309
259
7449
1412
7330
5319
229
134
6339
267
342
1388
1352
7805
549
3275
206
2676
1799
3327
4466
5160
70
8476
1911
4900
4514
4309
1174
6203
8596
1229
1813
4473
3012
6636
7403
1260
5900
6916
8755
8019
3324
9412
5311
533
5823
9869
3071
6869
1230
1684
6019
8037
8035
6743
1373
8697
5041
3284
1530
8157
2018
7606
3282
2393
2657
2320
125
5012
857
3663
2713
8519
2541
9756
314
4435
8506
2079
657
3445
42
618
6113
2601
9450
1893
8493
9070
5487
8469
885
9593
7556
1491
8963
4699
1462
4810
193
1751
3924
5489
9374
2639
3569
7274
1681
1742
3933
3161
6300
8892
9731
8921
8884
5261
3284
5212
8672
5243
6995
6322
4225
2053
8770
396
1745
920
5645
1952
2254
6349
1445
7088
2841
9027
5889
3862
2986
3311
1120
7651
2439
241
2929
2425
565
6584
7719
2037
1950
8057
9079
3105
9251
4012
5668
9720
4692
8359
1485
332
3053
607
8981
2740
1859
5180
3507
1850
4368
2461
6603
741
9995
9532
2333
1233
2876
9603
156
6664
3006
8894
5778
1051
2998
867
7474
1681
2739
9328
862
9732
4822
6020
3002
2919
9812
6369
8800
604
9753
9440
5062
2742
688
3189
9005
5883
5792
1508
7211
7436
3929
4149
2268
5592
7984
4948
5396
1917
5462
524
8488
6976
8048
2708
4733
4912
7491
8410
1441
2694
3022
8656
5929
9087
1948
9877
8539
3949
8618
3653
1949
587
6982
1827
3789
9199
3289
1046
4322
2885
2615
3649
9139
4858
2548
8792
1847
3894
7560
432
5004
7726
7382
6982
5084
7560
8618
1571
429
6208
3377
2622
3880
7467
766
7714
1181
5850
3482
9809
1124
465
1355
3722
8727
440
857
1015
3998
4626
5629
410
4827
5741
7066
2681
7623
1065
1872
1863
1469
7708
5886
3621
4502
4549
4057
8137
2580
9951
6923
9886
6354
7353
5181
9068
7692
6756
9303
1354
1756
2524
9175
5792
7380
3818
4561
3714
5091
7626
1367
3818
1281
2233
5753
4324
7293
657
8574
5505
4490
5719
227
1316
8085
6900
6067
8561
7610
5572
5240
407
7671
8124
321
5643
9201
5007
3380
503
1014
386
7558
9347
5091
2302
8073
9331
3879
5270
2373
2768
9015
570
6570
3836
2531
9276
5093
4384
7353
161
9810
4008
6281
1545
5824
9570
2425
6626
8059
9330
5369
7610
2150
906
954
9172
4503
7400
634
7454
919
3424
8323
3424
4618
4108
662
839
5212
2033
1393
5298
9645
9380
5801
8029
8159
493
2020
1964
4157
1707
7349
2682
3182
7031
2525
1140
2186
6989
5920
8623
9852
4281
183
1937
4057
5726
9892
9230
5088
4781
2571
1729
7938
676
6430
3470
596
6341
5785
277
8258
6072
9824
8570
8871
4035
3526
4163
4826
3481
1776
8082
9451
8226
9657
8036
1135
6442
6855
1049
2488
4747
8253
8932
3368
4511
4818
581
7655
6656
4354
629
740
5027
420
1666
9304
8774
3276
1244
1617
9189
3922
3023
4637
387
2946
4082
4821
6470
4629
4175
5357
1828
4177
660
1177
8893
4060
5498
193
8761
3958
2516
232
868
3208
2409
1978
4182
1159
9654
8309
584
8366
2990
4969
276
6315
5011
642
188
8280
9914
742
9230
8909
2169
9322
4295
2004
1172
6474
517
893
9705
857
49
1475
201
7333
6509
7695
1560
6142
6602
9260
7110
184
9646
1626
655
7920
8899
6551
1920
8636
7939
6619
9147
7861
5347
7410
1213
2169
3102
7055
1933
1596
1492
4959
2952
2144
2546
5164
7243
149
340
2740
5168
1890
9095
8041
6190
5924
3604
170
6202
902
554
1537
4322
9570
3612
1022
6043
7591
3771
9941
5976
8620
2740
9843
4767
596
4093
9750
9111
9154
4588
6926
2069
9102
9770
5855
1687
6024
6694
9080
9424
2349
4684
3497
9157
8249
343
2800
2279
460
7556
7109
9042
4655
2106
7063
9333
7048
103
7702
2148
1932
3532
3618
2299
8245
588
5428
7027
5076
5793
6907
5065
1353
1248
5162
1085
4256
8190
1921
7817
3134
2802
8952
5379
3453
8221
1235
8228
501
8999
5330
7306
4892
6588
3832
1002
7614
6551
9951
5290
960
2686
2026
7263
2001
4478
2028
4578
3442
5032
1239
6744
8152
8396
4230
5202
2560
485
8959
2610
7362
5286
83
1504
8857
1795
7801
2908
8450
5970
2682
6596
8114
547
6494
2504
253
1919
9654
4540
5445
141
8363
2734
7152
2075
9000
7465
2237
9690
515
4297
376
6778
1170
3167
9516
2425
4971
631
8328
470
780
4265
933
5018
1581
2397
2247
1658
7506
2915
8162
2486
4582
1809
9183
1045
4916
5390
2078
789
5399
7455
3534
4605
4469
4991
2508
3142
1239
9141
537
3914
5933
5888
3135
4203
7776
902
3220
9559
6807
382
6048
5194
398
3418
6236
2436
2004
5402
7163
6733
7859
1372
4397
7671
7622
5640
34
1075
4486
1292
4700
7318
2661
2259
2232
2061
7551
2635
1359
3102
7150
822
9047
1089
5533
1057
6639
7312
4814
964
9132
6331
288
4922
701
958
2171
9746
2549
1975
9039
9524
8922
1170
6620
1208
2922
7784
1522
9027
3950
7544
6493
2387
8129
5460
1689
6110
8898
1119
9036
1510
2344
8085
5364
7631
357
2764
4190
8980
9839
9594
2905
6935
2107
4807
7995
3768
7530
1956
3362
2168
1225
5916
4557
269
8052
9450
1484
616
1691
4315
7653
5206
487
2965
6681
4149
7614
6392
8118
8216
8869
6309
8846
8971
1638
876
8104
8010
8339
394
2117
9264
5289
98
7734
4556
1832
6667
2284
6201
34
8971
4785
8957
5506
6099
4277
1474
2431
3995
8459
6596
5937
6958
8837
666
4004
4266
5564
5208
1418
305
8821
7108
2886
2515
4176
5144
9046
3184
5139
9607
7424
9400
1847
3939
4833
6773
178
1727
3873
1036
853
2001
8363
544
8533
3242
5868
7015
4591
904
6634
5825
9256
380
935
3366
5940
664
1990
3696
3080
9931
8157
3225
321
7296
2459
3973
1158
6611
1180
7987
2699
1046
4490
224
2808
1972
5767
637
7770
3844
9337
787
120
1647
997
1700
6840
5717
6751
8131
8355
6925
7776
9686
8358
4908
3401
6378
6603
4024
8231
1401
2535
1853
8151
7160
8517
15
9644
5492
2211
2578
8671
414
2860
7527
6503
4339
7366
9175
5977
2273
6892
9924
5393
7495
3102
9694
3698
6829
1720
5908
3546
6676
4496
5740
9738
1135
6196
5653
8084
2482
6164
3322
7573
698
9835
826
1062
8653
9764
3110
7806
2675
9371
3386
3066
6981
2833
5007
7647
5093
7092
4864
3054
8687
15
3836
666
6094
1133
5052
4615
5825
5172
2102
4467
7951
5391
3937
153
858
4652
6633
1395
4512
7384
2421
7488
6247
1432
8471
567
7866
8057
5844
7323
1151
3354
469
7839
1212
9528
3965
9100
7513
378
908
1568
6486
5855
7140
4969
4944
8245
4826
4163
2657
43
6190
9998
6710
4537
6446
8803
1541
9166
8920
1560
3870
9914
8703
7490
2593
9566
3264
1579
8384
1296
470
4885
4774
1235
7530
270
5449
9591
4271
5620
8908
4604
45
6570
3097
7229
4028
5259
9437
8651
9284
3918
1651
2391
3106
5803
4965
1413
1709
9502
4288
4733
3018
5913
8216
3523
5629
3759
220
5033
4753
2462
9227
3076
3386
6124
7912
6348
584
5558
9034
6728
4479
1652
2614
6314
2517
1057
8289
8918
3180
4954
2688
3097
6753
7173
1907
8391
1539
548
5954
2053
5864
714
2038
9449
1804
3917
2507
4335
1452
1885
7508
61
9938
9427
3728
2809
1745
7021
9452
5145
1140
4666
521
1628
4146
513
2335
3495
6021
2087
1586
5426
395
4656
2692
5860
2172
917
3243
1996
702
7447
8964
66
6213
6547
4200
1374
8798
8487
3966
2375
9710
2772
9106
8398
6407
4964
8452
8476
3883
8301
2132
1064
2644
2359
5165
1966
7555
1659
5327
7437
1143
8173
4433
3536
3440
2491
4854
3263
1492
1270
8112
9334
9826
8048
2003
7079
710
4422
6139
1116
6125
5457
8688
9407
2873
4616
4201
3869
7830
9160
1743
7128
2622
2086
1875
317
2411
1380
4291
6406
3611
9442
4025
6736
8616
9447
7156
4175
8504
5504
8203
6720
562
2761
7359
9263
1155
7082
401
1355
6304
5539
8788
4839
5421
2699
3411
5634
3501
9205
8886
489
7674
6404
3537
4508
4488
5025
9214
6254
9973
8618
8845
7040
132
1293
328
2273
2458
2598
6828
6191
328
325
8836
8241
6858
4547
9160
5000
4975
9367
6631
3570
4939
8276
945
3489
4809
3013
9976
1020
1269
2427
7495
7509
1193
4006
5860
5675
4326
563
3474
9360
677
453
6506
3998
7454
3191
2331
4837
2985
8209
527
2072
932
4969
4704
2041
8228
9051
714
706
2815
9388
7747
1077
4154
2332
4457
6774
270
4170
4491
1064
4944
4732
795
8213
4769
7983
1362
3555
499
5644
6885
4179
7150
7420
4662
9435
6818
653
4317
5910
3773
213
7353
8842
79
1270
1009
5707
9771
2099
6496
5182
6913
2146
5713
5984
6795
994
8855
3240
8373
63
8097
4747
1056
356
5899
9695
5000
2737
1448
65
2037
9405
6527
9419
9615
5997
2644
8208
3814
9589
7496
7578
1648
6318
5811
3542
1332
6393
9873
7966
5350
8963
4331
3160
2692
1226
424
525
9553
399
3316
2204
4240
2492
9647
2335
4068
9096
9800
5615
4885
7368
5196
6100
7637
5513
4490
2719
9379
1067
873
3788
2528
1712
1836
7170
4224
6805
8868
1613
