2520
1113
5003
2104
3705
7679
6738
2933
132
9856
9233
6451
2159
8481
1274
1109
2703
1457
7086
4045
2845
2913
3802
9535
9726
1126
4786
9126
2787
7453
7325
2806
4126
2574
993
6785
8855
7828
737
7869
9246
876
2676
7222
6689
7772
1768
2256
4176
4518
9142
4096
111
348
7192
6396
8316
1366
1016
2511
5474
4898
2267
8962
6589
604
7550
24
1406
3167
9135
6312
4961
5818
1023
48
4750
3990
7847
7095
3853
6199
8857
1060
190
9761
4024
5422
3543
2285
667
9268
991
3772
845
1518
1307
891
265
2163
8518
2103
6596
6924
5014
7971
6443
3849
1165
856
4847
8883
5694
4509
2094
8929
3761
2839
2964
7119
9320
3106
2562
1115
8531
1920
478
1954
7568
6530
6346
3612
1623
4069
249
7587
6725
9726
1647
1449
9496
3114
2265
1786
1547
2095
6334
7295
241
9527
6836
1205
4679
2158
3301
8142
3253
2681
2739
966
4246
2489
8010
377
2585
5057
5845
9859
838
3652
5428
2968
7573
995
3756
7493
2843
4550
1295
8582
5014
6328
2622
6618
1004
712
8333
3268
127
5949
8902
163
6403
3913
8016
4068
8611
6546
7136
4518
2145
4189
1585
1358
6429
1292
8209
1373
4440
3801
8316
8047
504
2467
9772
1508
7566
1913
8113
2244
7319
5412
4398
8671
385
3354
5204
9124
9038
1040
6499
7091
1629
5952
2766
2403
4135
6284
3134
2472
776
4721
3738
9312
9567
3727
1894
7709
3223
6312
9177
6424
1734
7479
7123
6532
5958
2468
1727
48
8547
7605
6005
4017
4324
8198
6627
3024
9197
7580
5741
127
8644
4054
2755
3298
2098
6917
6754
9036
253
1870
1373
7223
4548
7886
6366
8536
5243
3085
279
4178
9479
8022
190
3722
5916
2054
2441
1899
9925
6739
5702
9051
2723
1487
2798
9294
6731
7101
122
1289
7753
8419
2326
1657
137
7856
3878
3157
5479
7216
4103
2753
8453
638
2215
3845
4446
8825
7255
1614
5064
4650
1311
4243
5583
3045
2915
3882
8064
366
853
1180
2707
5966
8507
9574
2685
2406
2803
850
6260
3203
9748
3237
6356
2050
7703
5706
5841
4454
3125
2047
398
3225
6098
1614
6606
4927
2699
2016
2202
9361
5804
7405
1682
1928
1397
3654
1271
2039
1518
5750
2296
5102
7080
5302
7275
2653
6438
2609
8383
2294
9260
5912
447
7095
4982
6294
8602
3510
9517
4246
3985
9453
3222
644
7440
56
1323
9409
320
9356
4253
6747
8956
6075
6506
4844
4035
1093
668
9842
2702
3105
1571
4287
163
2988
2580
5394
8425
4273
6817
5654
2524
9803
1051
2489
6787
9815
3621
719
1920
4140
475
6408
8424
6687
4514
4431
9268
9810
1266
837
7319
6750
7586
1086
7073
7585
435
9706
9124
2873
8592
2454
2901
3362
4163
9284
7188
5308
9707
8760
7967
5504
9341
9285
772
4916
2601
3928
502
6734
7103
2082
8642
3270
8146
7516
1907
9662
9787
2006
562
6838
2144
3696
8930
1339
1591
3821
2923
9744
7078
309
789
6352
1405
842
3959
3378
1110
6029
7841
6350
2907
2673
7127
112
6329
3153
4127
7947
500
4286
3261
6639
8092
1259
3164
8733
7598
5340
4464
2042
5469
4972
6985
9539
1378
6831
2763
2097
8162
9031
4588
1405
1407
4763
2190
2133
9602
3172
7469
7726
439
2218
4555
1853
4825
4319
5195
8801
2304
5066
9098
7459
9000
727
1892
18
1973
1148
2614
8504
5187
4063
5552
5664
1186
5878
1758
524
434
47
8871
8082
6091
3458
2437
9463
4049
3188
7814
3055
3830
669
2002
6963
4032
76
5119
8228
1756
9673
4065
9135
2467
5083
4277
6690
8829
1068
5488
4958
1843
4617
2308
3581
9177
4878
7251
6630
6315
1010
2551
9566
8919
9039
7936
7857
3004
6661
6703
5634
7297
270
20
3471
9754
8885
5811
297
2310
1827
4316
4210
8460
7786
4955
2584
40
9798
7229
2385
4416
993
5204
4663
6779
742
2316
7622
1668
4184
959
4723
1020
1716
8502
5632
8414
627
1170
557
6535
3333
9834
1697
4390
8827
5493
4474
1488
755
2954
401
2758
9177
7542
5697
3547
3868
2910
3913
3553
1951
9238
9008
3348
305
9889
1609
7593
2767
5641
8103
6104
8280
8754
8243
5351
1538
6874
6891
6025
6731
7364
1757
7992
9970
5605
3813
6750
7415
2606
3491
1034
6561
7787
5793
3329
3246
5211
7571
5283
592
482
1823
2543
7510
139
4847
4841
3624
8018
1269
4780
8696
1281
478
8379
7845
8633
2874
1916
2369
2179
3291
4263
5749
5431
637
2475
9732
7853
4325
1714
526
1219
1628
1542
9382
5406
1614
2436
85
3812
7293
4112
1296
7882
4156
9961
104
137
8841
7662
8929
6454
2122
6705
85
1426
124
6459
5401
783
88
5968
6289
3813
5687
5716
3167
9395
1591
5487
8754
3418
1214
4541
6701
8230
6094
9321
6884
2366
394
3371
975
6447
1736
2367
4664
4836
1863
7880
5111
4857
4947
7668
4432
6799
1495
2914
2891
3762
6931
4658
5829
266
1998
748
5221
8511
8701
9123
9458
6305
4
9819
4371
5526
220
8569
8486
5157
1718
1802
5701
1586
6399
9751
9877
9147
3733
9607
6257
8051
9961
6693
4808
5453
7941
2644
9154
1723
4560
9808
856
4439
1168
1942
4197
3875
1375
5943
615
3388
4880
4681
7690
9300
2116
5695
7607
1327
4713
1963
185
1390
418
3345
321
9883
60
5997
11
7060
3664
7895
2480
7995
8405
4373
1981
7869
5336
5666
179
4802
6494
2670
816
1445
1641
2295
2671
8084
1162
3078
3579
9098
7142
5213
8762
7659
5931
4575
1288
7760
7876
3216
6865
6932
4492
4207
8467
701
720
2225
1906
639
3800
6081
6798
2126
1927
4116
1251
4594
4672
5745
1791
7776
1916
3441
3194
9927
4153
3539
7393
488
3701
612
5538
2713
8764
4397
3615
3451
6942
3421
8893
875
3989
456
1036
5030
4565
7344
9596
3073
9556
6915
6622
216
8396
9717
1208
1029
1583
7744
7485
8723
587
6538
3933
2771
6046
8662
3833
9551
1899
7596
8762
9758
3581
7197
8146
1735
5788
402
1250
4473
3918
469
9086
3258
7647
6274
8766
6814
8868
6207
4406
6603
7085
9690
313
1578
4953
3810
4745
7553
2591
3640
7506
4735
7353
2935
1960
631
2003
562
6430
1249
4117
2749
2184
7165
8141
1424
9123
4634
2145
4871
2980
3382
1924
380
238
4038
5126
4649
3960
3896
3425
3753
6718
295
8337
8463
1062
6304
4259
2873
7110
6290
306
1493
2597
1787
222
4021
6671
7809
4110
4912
4477
5133
5703
6697
7636
4863
4461
148
9996
7374
6217
6213
5284
4126
3356
4267
2180
2920
5476
1230
868
2292
3660
1365
6219
4858
7176
6235
3098
3930
8482
3362
2154
4120
1967
4504
9267
6428
4645
3434
6126
1897
192
4310
3230
8188
259
7765
4026
4231
1517
1769
3646
687
3612
6723
932
6467
8630
777
5692
6558
4469
2486
179
6655
595
1282
4723
3687
8391
99
2071
962
910
180
5106
409
7917
7765
7297
183
4582
2243
1454
6107
3386
1625
8294
1822
9918
903
109
757
7841
5939
240
9705
7180
2286
6428
9254
3898
7128
6766
4256
5178
6501
6602
2989
3459
5538
6367
1998
5352
5411
5898
7455
7229
1519
1851
1250
2713
8718
3765
327
2619
2609
4938
2592
3649
548
9638
5554
1463
1200
5594
8285
3373
3731
3469
1327
7805
2052
7598
4326
843
113
5884
2373
7646
4315
4361
201
1630
1333
749
572
3853
7241
1623
2522
7643
7948
7977
8210
1333
8691
3157
1903
6047
8405
4290
7864
2898
6899
6564
6933
2710
1270
8683
3
932
2087
5034
2009
5925
1941
6907
2764
7615
5346
8561
6288
3138
4143
2366
4352
7549
7369
6038
1855
8391
372
483
1008
8939
4904
9755
1940
1090
3273
7167
5458
1639
3835
6757
4059
2264
1508
1992
2446
1001
5524
1534
8569
9821
2100
9323
2610
711
235
1733
2773
5773
23
4599
5135
9919
7818
1177
1050
4151
7666
4272
5353
5345
5485
2706
9927
3644
2620
285
1131
4898
7144
4472
1935
3717
867
970
7585
4138
1681
5257
1641
5434
1062
950
1660
8087
6017
1288
9393
4076
5465
5766
578
1416
5431
1433
5
4316
7333
4432
4603
8450
2661
1590
5768
3793
7269
6721
8149
7711
3025
2540
7795
2022
4970
2216
5201
2250
7877
1455
1679
3849
2071
3017
2451
7476
688
6242
8108
2094
2085
9915
1846
6290
5299
5247
110
890
1441
9898
6374
2333
5285
1493
5690
4824
9305
9445
7412
1169
399
3333
509
2167
2355
7457
9334
4942
3505
2421
2102
7738
5558
5044
6116
5146
6907
2557
119
6023
4063
5579
4139
4397
3636
6477
440
537
4941
981
382
8467
3047
6724
8067
9598
5574
1654
8321
3486
288
8938
505
1113
5280
965
9404
7233
9028
4311
7772
2081
9128
2750
990
6854
8486
1066
1203
496
526
8001
6007
4953
2211
6179
7193
4117
3222
9936
9708
6571
8839
3977
9726
7795
9321
7189
5207
256
134
6053
1236
9360
6707
4922
6277
913
3332
3589
563
3446
3555
47
6615
6299
8445
2698
3078
8341
5645
536
3601
382
2190
2170
2989
9695
3531
4988
221
4014
5625
1471
5497
2795
1880
3975
2553
1573
5205
7750
3458
2771
6532
9496
8805
5360
9228
3729
500
2294
963
8980
3302
5966
300
134
4173
8902
2605
2306
950
8260
598
7309
657
4731
1343
4621
6642
2091
4226
7542
9943
9262
8041
6021
682
7088
4505
1472
425
7871
607
9165
853
1556
4521
931
9512
4911
1784
4382
1562
2074
1540
2919
7477
7687
1265
4403
8567
6747
5745
635
2425
5583
7211
7660
3550
9157
8378
6271
5102
9912
2089
2284
2564
7479
8669
9610
356
1859
4083
9290
8800
2791
172
7942
3533
520
2197
3699
8162
8076
9276
1150
1201
112
9249
8055
5753
5796
9113
5991
2971
2362
7929
7895
3483
6784
721
2132
410
8522
1366
7934
7074
6003
6836
5696
4289
2261
6932
8485
2921
7943
4027
5192
6151
2022
4371
908
1603
9496
4670
2174
9287
2109
9495
8392
4628
6310
8348
9207
4034
8315
505
6816
598
1095
4342
8718
3096
4887
2645
7567
149
931
3364
5312
7811
1740
1642
2757
6915
6535
2704
8349
9964
5144
8700
6230
1286
3923
614
765
2403
7598
4453
8041
4021
5707
2426
8761
2892
6709
3216
9818
3118
5417
353
3277
6300
8791
669
2969
3475
8681
5031
4493
7728
7636
5232
2232
1944
1276
1816
413
119
1836
2241
1009
1799
4038
519
1255
4499
3448
9677
2478
1068
801
2218
73
2396
1810
1604
9279
4569
1495
395
7028
8732
7624
7625
4520
4899
5515
408
975
5828
1133
5142
3488
6051
5777
3909
6385
1094
1000
2533
2852
278
274
5877
363
9225
675
7911
6721
4990
4329
7237
4364
8712
3325
2193
9581
8879
344
9009
7258
4371
1304
8810
6079
1474
1636
1420
784
3740
2668
3903
3842
230
2516
7948
9099
6732
6066
3599
8694
1034
4790
8155
1355
8524
362
8559
9503
4116
2186
2696
520
172
1734
8375
2212
3197
6118
4964
7531
8623
5325
6451
8417
1906
0
6438
3840
3821
7145
8755
1430
9428
1511
5448
2075
6911
3464
6892
902
7881
2330
5175
8464
7239
7519
581
5385
618
4751
1686
1689
8741
9858
7850
7914
563
6222
9052
2436
675
6637
1244
1225
6710
4147
5569
9811
2203
7535
3439
1530
7880
6480
8149
778
235
2858
2714
7460
6337
1320
2890
2004
520
5188
7387
963
4656
5701
421
3646
904
5752
2241
7207
5382
611
7440
1531
614
4886
4992
1971
3319
2435
1947
6366
1713
4895
9840
3135
2764
633
9574
9203
2734
1482
9358
7334
4147
3982
4873
982
466
2034
6234
9640
3917
5374
1372
8954
6249
9702
8887
105
7679
6251
2128
5044
8274
9879
3102
7169
5505
1289
6900
462
6512
5245
4140
4090
3266
4864
896
4405
442
3203
1023
6085
595
1165
7374
250
7259
6342
3005
7717
407
2241
108
1380
2708
1466
6957
2689
1674
2913
6955
4941
869
389
5420
1127
6679
8708
3907
321
1496
4386
2185
4164
8591
1736
2381
34
758
1039
4073
8349
2457
1277
8071
9159
1855
3487
868
121
4349
616
4292
8248
7175
1001
7430
9476
8856
1362
9017
4355
7715
2583
4143
5406
6427
6326
3025
2138
5136
200
6595
9450
3515
9718
4058
8611
8749
4415
8683
8256
883
8839
2086
2439
1916
3041
2178
4699
7469
9697
8266
1347
5
2203
9097
5868
285
6272
98
9610
2211
2106
5620
229
2007
4949
8572
6417
468
1825
3723
5950
131
1973
8745
6018
6701
9879
521
723
1696
7145
7855
2586
7156
5062
9792
7204
622
5629
1321
1947
6149
2445
2275
9332
5091
914
6277
1242
1981
9006
922
427
1383
9275
6837
5009
5490
9520
1090
4308
2216
2627
3679
1342
5849
7615
2283
3904
9398
2246
4109
3395
3470
4312
5464
1633
6968
7044
7070
8196
1680
8349
227
8975
6501
7185
3091
6348
2899
7383
1366
5046
5676
6087
8562
7337
2348
959
1474
1590
4541
2226
39
1883
1352
5443
2940
5906
9501
3795
6702
8841
6469
2423
7659
1714
2246
4238
9466
8956
3127
6290
1068
5362
229
4028
2257
6737
8037
6365
4510
4880
8250
8234
7613
9019
1017
983
7462
3761
7132
8184
3389
9488
2212
2900
2556
1596
722
1691
3778
2663
8264
8169
8764
510
5531
5675
1443
464
2187
9746
7382
5061
8695
5654
569
1164
2651
716
7870
9637
1963
9947
7812
128
1588
9931
4797
7174
1697
4591
9076
359
7212
661
3566
1347
7205
9580
2496
7581
9192
6117
6626
716
2778
9197
5731
3892
484
6297
6317
5270
5907
5379
9274
7203
5167
7237
4806
9830
6442
1779
5335
7538
5068
510
7899
1561
5149
9782
3185
4672
3026
6207
6555
3263
1676
9063
689
9229
3869
2327
2730
3531
4076
1801
6775
1904
5867
8713
9088
6549
3271
7582
9459
7218
6511
1867
4730
441
5225
1345
6509
4768
8322
2616
328
2485
2533
9245
4429
5646
45
8046
3117
7358
3086
7556
9011
9103
4497
5664
1922
1612
3694
2889
9745
1629
5807
9061
7571
4569
2034
358
1324
7351
9296
9815
1649
2694
1228
1991
95
3598
4142
4565
4030
5286
1056
3709
8839
2888
4216
6801
3668
7665
728
6844
6952
3917
642
2755
8783
8899
4448
9469
7254
1116
5283
5220
1998
2106
7915
573
3293
9991
870
3172
5334
5915
4844
6187
8810
6563
3306
2709
5231
2958
6125
9614
1536
4745
8290
9326
5733
8445
75
4045
2548
3975
6277
8121
1704
6233
8712
4821
3793
8176
7294
7028
4668
3445
7272
871
8405
9880
5165
8612
8058
265
372
9624
2578
8457
1141
4253
9101
9361
2491
6015
2381
288
9084
5211
6102
3419
1244
58
1058
3489
3902
9469
1289
4909
8205
7433
4031
7343
8314
2677
6909
9036
999
1857
7157
5845
6708
5961
8416
9558
4007
5562
1626
3632
1169
597
2145
377
4639
2626
5945
7713
5230
8470
6692
2937
7939
2104
6256
1600
857
2176
2625
7710
428
6786
8209
9684
7622
1978
5445
851
6744
6663
4850
6797
2348
7485
6255
1113
1224
9893
4541
4618
2006
3880
8453
226
3809
1069
5344
2819
7090
4559
1053
5863
9196
1442
6670
1968
1637
7239
804
9586
486
8782
8013
4560
4789
2027
9242
772
7601
252
4326
1651
9005
5723
7460
2305
1889
2607
1256
7616
2589
1911
4121
1439
2735
8346
2101
8369
1623
6856
5654
6010
2057
5174
6771
2609
8547
5016
6922
6259
9104
1423
5244
5477
1660
1429
7914
3068
6985
7719
5343
6288
9121
3731
9837
1374
749
3809
6525
6541
37
7815
4465
2131
4249
5655
6477
8617
1567
1884
1189
1148
5342
5541
5864
4742
523
3073
1790
9244
9874
1196
4189
1113
2503
8617
1218
2044
9981
5168
6127
3357
2759
4505
9488
3861
4125
2762
6642
9470
5842
2702
1717
777
6355
9607
9985
1775
5730
1829
4376
2090
8372
4391
235
6357
4743
881
4591
4353
2072
783
6785
2137
5253
5961
1816
1640
1950
2823
3706
1274
9553
7719
1490
4384
9223
6109
5568
888
841
7354
9809
9533
726
1376
6688
7194
1897
3940
5133
2037
1239
7269
8541
5417
2566
8621
323
7044
9493
3189
6574
6579
7703
9054
2338
8507
9761
1325
267
2842
695
2871
1696
1260
4994
7246
2612
786
7909
1386
259
7200
7664
2267
1131
2182
5940
3565
4424
8946
5559
5005
5
4387
5947
6236
1103
2513
9755
4258
364
379
1861
7317
8029
8097
2430
3657
9536
6276
7378
8682
1769
9242
267
2744
8449
6166
3429
9282
2383
4584
6623
4903
2295
1217
9524
3432
7936
1369
2491
6002
139
7157
9419
1499
4576
931
3027
3291
3147
6487
4489
1469
935
5931
3938
2853
9625
9251
8210
8900
7473
1263
1732
3306
2061
8964
1563
7755
6302
2877
5530
374
8030
4350
4641
8098
4882
6250
3817
1545
1597
3461
5779
7258
7878
636
603
1609
9643
835
1347
2954
1813
9119
4829
4430
3149
7046
4776
9885
208
436
9631
517
3871
4048
8383
2737
1338
606
2264
3150
7199
8453
5669
970
6029
1251
5391
7981
5949
4000
6255
9389
9763
6657
5203
7980
1874
1326
8067
6213
9742
4742
4292
6760
2726
3089
3852
145
6881
8919
2871
1087
6423
9167
3706
4932
9364
4042
470
4729
8457
3809
1472
2484
68
9675
9806
7452
3169
4116
1620
5004
1
395
8815
7062
8281
1995
4914
762
2222
637
6112
9367
5440
8059
4553
6113
2404
3639
8440
1172
5703
9005
652
7768
6479
2343
2630
7365
1668
9712
6274
4697
463
3755
170
6568
9458
501
7783
4131
4153
1880
3961
252
2879
8497
5225
8888
212
1972
8941
2118
5917
318
9804
4336
6060
8892
866
496
8930
6090
758
69
82
2318
2363
6981
9336
7559
1028
1669
5546
528
4363
2567
3230
5833
627
2275
9468
3800
348
6169
7029
7691
2824
1461
6420
9153
8748
8948
3444
5978
3384
4375
3890
3645
8139
3798
7924
1337
1104
503
1514
2829
9534
623
1748
4635
2479
9927
6325
2250
7006
7410
3894
4748
1495
5823
1246
5792
3706
4778
6160
3017
7584
9976
2998
894
8977
771
2157
1987
9589
6866
6016
631
7657
2524
6777
3152
8693
142
8550
516
4764
6492
5529
9865
1651
5973
4770
4304
7445
6602
9424
5597
7446
1103
9062
58
2327
9907
3131
5037
4873
4397
6325
3079
1190
4632
1894
7150
3996
6928
4455
1853
971
2317
644
5098
2546
3407
1769
3017
7637
1291
2508
8559
1105
4934
4282
9962
2675
4238
7174
1839
1542
4145
255
7683
8555
7096
370
542
8238
7860
128
653
8950
7581
2114
1719
3021
8727
329
5859
6225
5045
4378
3192
2891
6050
1403
9492
7710
6126
2007
9121
994
1797
632
2021
6913
3863
9638
1993
1921
3459
4970
1372
6292
3237
8040
217
5340
9938
4621
6822
1123
1250
933
2766
1178
5373
9248
8674
9392
7881
9509
5595
2517
451
7432
2035
7696
1595
8520
9381
2366
6117
7228
1298
6556
4029
2384
3062
5815
5227
1050
1034
8977
5383
2226
4235
535
9535
7185
2058
5649
1143
9561
1957
7753
5072
101
3735
8304
3516
1074
1500
4781
1169
159
551
7575
188
1569
871
1413
1880
410
5383
7940
1183
778
9301
9577
4271
7895
8102
8680
273
5129
5352
8996
3574
1401
3192
7640
3875
2748
7428
2261
287
330
2083
7613
5739
4483
7316
1456
7361
2964
7893
436
7871
6038
582
4810
8262
1833
9789
6654
1726
9951
6602
2592
2973
5707
381
577
5176
4220
1623
256
857
389
7215
7510
8497
8639
8678
382
6543
6128
2189
9321
4002
6078
5445
624
9292
8303
8470
6476
1911
6387
4053
1075
460
2404
4272
9027
3714
7564
6060
3796
6596
760
1793
5769
4535
1244
4291
520
8938
4023
6421
4490
3614
6968
7705
6533
2552
4385
2795
9320
1028
6491
6959
3798
5100
8651
504
8102
6810
9011
9163
1338
4171
5180
8338
7936
948
1970
1637
3782
3161
5152
2646
4577
1771
3406
396
1630
642
472
2547
2330
5836
6481
6562
8000
8901
3224
9245
1650
7271
7258
5803
922
2115
696
8363
5521
8625
9114
179
9967
6309
259
7449
1412
7330
5319
229
134
6339
267
342
1388
1352
7805
549
3275
206
2676
1799
3327
4466
5160
70
8476
1911
4900
4514
4309
1174
6203
8596
1229
1813
4473
3012
6636
7403
1260
5900
6916
8755
8019
3324
9412
5311
533
5823
9869
3071
6869
1230
1684
6019
8037
8035
6743
1373
8697
5041
3284
1530
8157
2018
7606
3282
2393
2657
2320
125
5012
857
3663
2713
8519
2541
9756
314
4435
8506
2079
657
3445
42
618
6113
2601
9450
1893
8493
9070
5487
8469
885
9593
7556
1491
8963
4699
1462
4810
193
1751
3924
5489
9374
2639
3569
7274
1681
1742
3933
3161
6300
8892
9731
8921
8884
5261
3284
5212
8672
5243
6995
6322
4225
2053
8770
396
1745
920
5645
1952
2254
6349
1445
7088
2841
9027
5889
3862
2986
3311
1120
7651
2439
241
2929
2425
565
6584
7719
2037
1950
8057
9079
3105
9251
4012
5668
9720
4692
8359
1485
332
3053
607
8981
2740
1859
5180
3507
1850
4368
2461
6603
741
9995
9532
2333
1233
2876
9603
156
6664
3006
8894
5778
1051
2998
867
7474
1681
2739
9328
862
9732
4822
6020
3002
2919
9812
6369
8800
604
9753
9440
5062
2742
688
3189
9005
5883
5792
1508
7211
7436
3929
4149
2268
5592
7984
4948
5396
1917
5462
524
8488
6976
8048
2708
4733
4912
7491
8410
1441
2694
3022
8656
5929
9087
1948
9877
8539
3949
8618
3653
1949
587
6982
1827
3789
9199
3289
1046
4322
2885
2615
3649
9139
4858
2548
8792
1847
3894
7560
432
5004
7726
7382
6982
5084
7560
8618
1571
429
6208
3377
2622
3880
7467
766
7714
1181
5850
3482
9809
1124
465
1355
3722
8727
440
857
1015
3998
4626
5629
410
4827
5741
7066
2681
7623
1065
1872
1863
1469
7708
5886
3621
4502
4549
4057
8137
2580
9951
6923
9886
6354
7353
5181
9068
7692
6756
9303
1354
1756
2524
9175
5792
7380
3818
4561
3714
5091
7626
1367
3818
1281
2233
5753
4324
7293
657
8574
5505
4490
5719
227
1316
8085
6900
6067
8561
7610
5572
5240
407
7671
8124
321
5643
9201
5007
3380
503
1014
386
7558
9347
5091
2302
8073
9331
3879
5270
2373
2768
9015
570
6570
3836
2531
9276
5093
4384
7353
161
9810
4008
6281
1545
5824
9570
2425
6626
8059
9330
5369
7610
2150
906
954
9172
4503
7400
634
7454
919
3424
8323
3424
4618
4108
662
839
5212
2033
1393
5298
9645
9380
5801
8029
8159
493
2020
1964
4157
1707
7349
2682
3182
7031
2525
1140
2186
6989
5920
8623
9852
4281
183
1937
4057
5726
9892
9230
5088
4781
2571
1729
7938
676
6430
3470
596
6341
5785
277
8258
6072
9824
8570
8871
4035
3526
4163
4826
3481
1776
8082
9451
8226
9657
8036
1135
6442
6855
1049
2488
4747
8253
8932
3368
4511
4818
581
7655
6656
4354
629
740
5027
420
1666
9304
8774
3276
1244
1617
9189
3922
3023
4637
387
2946
4082
4821
6470
4629
4175
5357
1828
4177
660
1177
8893
4060
5498
193
8761
3958
2516
232
868
3208
2409
1978
4182
1159
9654
8309
584
8366
2990
4969
276
6315
5011
642
188
8280
9914
742
9230
8909
2169
9322
4295
2004
1172
6474
517
893
9705
857
49
1475
201
7333
6509
7695
1560
6142
6602
9260
7110
184
9646
1626
655
7920
8899
6551
1920
8636
7939
6619
9147
7861
5347
7410
1213
2169
3102
7055
1933
1596
1492
4959
2952
2144
2546
5164
7243
149
340
2740
5168
1890
9095
8041
6190
5924
3604
170
6202
902
554
1537
4322
9570
3612
1022
6043
7591
3771
9941
5976
8620
2740
9843
4767
596
4093
9750
9111
9154
4588
6926
2069
9102
9770
5855
1687
6024
6694
9080
9424
2349
4684
3497
9157
8249
343
2800
2279
460
7556
7109
9042
4655
2106
7063
9333
7048
103
7702
2148
1932
3532
3618
2299
8245
588
5428
7027
5076
5793
6907
5065
1353
1248
5162
1085
4256
8190
1921
7817
3134
2802
8952
5379
3453
8221
1235
8228
501
8999
5330
7306
4892
6588
3832
1002
7614
6551
9951
5290
960
2686
2026
7263
2001
4478
2028
4578
3442
5032
1239
6744
8152
8396
4230
5202
2560
485
8959
2610
7362
5286
83
1504
8857
1795
7801
2908
8450
5970
2682
6596
8114
547
6494
2504
253
1919
9654
4540
5445
141
8363
2734
7152
2075
9000
7465
2237
9690
515
4297
376
6778
1170
3167
9516
2425
4971
631
8328
470
780
4265
933
5018
1581
2397
2247
1658
7506
2915
8162
2486
4582
1809
9183
1045
4916
5390
2078
789
5399
7455
3534
4605
4469
4991
2508
3142
1239
9141
537
3914
5933
5888
3135
4203
7776
902
3220
9559
6807
382
6048
5194
398
3418
6236
2436
2004
5402
7163
6733
7859
1372
4397
7671
7622
5640
34
1075
4486
1292
4700
7318
2661
2259
2232
2061
7551
2635
1359
3102
7150
822
9047
1089
5533
1057
6639
7312
4814
964
9132
6331
288
4922
701
958
2171
9746
2549
1975
9039
9524
8922
1170
6620
1208
2922
7784
1522
9027
3950
7544
6493
2387
8129
5460
1689
6110
8898
1119
9036
1510
2344
8085
5364
7631
357
2764
4190
8980
9839
9594
2905
6935
2107
4807
7995
3768
7530
1956
3362
2168
1225
5916
4557
269
8052
9450
1484
616
1691
4315
7653
5206
487
2965
6681
4149
7614
6392
8118
8216
8869
6309
8846
8971
1638
876
8104
8010
8339
394
2117
9264
5289
98
7734
4556
1832
6667
2284
6201
34
8971
4785
8957
5506
6099
4277
1474
2431
3995
8459
6596
5937
6958
8837
666
4004
4266
5564
5208
1418
305
8821
7108
2886
2515
4176
5144
9046
3184
5139
9607
7424
9400
1847
3939
4833
6773
178
1727
3873
1036
853
2001
8363
544
8533
3242
5868
7015
4591
904
6634
5825
9256
380
935
3366
5940
664
1990
3696
3080
9931
8157
3225
321
7296
2459
3973
1158
6611
1180
7987
2699
1046
4490
224
2808
1972
5767
637
7770
3844
9337
787
120
1647
997
1700
6840
5717
6751
8131
8355
6925
7776
9686
8358
4908
3401
6378
6603
4024
8231
1401
2535
1853
8151
7160
8517
15
9644
5492
2211
2578
8671
414
2860
7527
6503
4339
7366
9175
5977
2273
6892
9924
5393
7495
3102
9694
3698
6829
1720
5908
3546
6676
4496
5740
9738
1135
6196
5653
8084
2482
6164
3322
7573
698
9835
826
1062
8653
9764
3110
7806
2675
9371
3386
3066
6981
2833
5007
7647
5093
7092
4864
3054
8687
15
3836
666
6094
1133
5052
4615
5825
5172
2102
4467
7951
5391
3937
153
858
4652
6633
1395
4512
7384
2421
7488
6247
1432
8471
567
7866
8057
5844
7323
1151
3354
469
7839
1212
9528
3965
9100
7513
378
908
1568
6486
5855
7140
4969
4944
8245
4826
4163
2657
43
6190
9998
6710
4537
6446
8803
1541
9166
8920
1560
3870
9914
8703
7490
2593
9566
3264
1579
8384
1296
470
4885
4774
1235
7530
270
5449
9591
4271
5620
8908
4604
45
6570
3097
7229
4028
5259
9437
8651
9284
3918
1651
2391
3106
5803
4965
1413
1709
9502
4288
4733
3018
5913
8216
3523
5629
3759
220
5033
4753
2462
9227
3076
3386
6124
7912
6348
584
5558
9034
6728
4479
1652
2614
6314
2517
1057
8289
8918
3180
4954
2688
3097
6753
7173
1907
8391
1539
548
5954
2053
5864
714
2038
9449
1804
3917
2507
4335
1452
1885
7508
61
9938
9427
3728
2809
1745
7021
9452
5145
1140
4666
521
1628
4146
513
2335
3495
6021
2087
1586
5426
395
4656
2692
5860
2172
917
3243
1996
702
7447
8964
66
6213
6547
4200
1374
8798
8487
3966
2375
9710
2772
9106
8398
6407
4964
8452
8476
3883
8301
2132
1064
2644
2359
5165
1966
7555
1659
5327
7437
1143
8173
4433
3536
3440
2491
4854
3263
1492
1270
8112
9334
9826
8048
2003
7079
710
4422
6139
1116
6125
5457
8688
9407
2873
4616
4201
3869
7830
9160
1743
7128
2622
2086
1875
317
2411
1380
4291
6406
3611
9442
4025
6736
8616
9447
7156
4175
8504
5504
8203
6720
562
2761
7359
9263
1155
7082
401
1355
6304
5539
8788
4839
5421
2699
3411
5634
3501
9205
8886
489
7674
6404
3537
4508
4488
5025
9214
6254
9973
8618
8845
7040
132
1293
328
2273
2458
2598
6828
6191
328
325
8836
8241
6858
4547
9160
5000
4975
9367
6631
3570
4939
8276
945
3489
4809
3013
9976
1020
1269
2427
7495
7509
1193
4006
5860
5675
4326
563
3474
9360
677
453
6506
3998
7454
3191
2331
4837
2985
8209
527
2072
932
4969
4704
2041
8228
9051
714
706
2815
9388
7747
1077
4154
2332
4457
6774
270
4170
4491
1064
4944
4732
795
8213
4769
7983
1362
3555
499
5644
6885
4179
7150
7420
4662
9435
6818
653
4317
5910
3773
213
7353
8842
79
1270
1009
5707
9771
2099
6496
5182
6913
2146
5713
5984
6795
994
8855
3240
8373
63
8097
4747
1056
356
5899
9695
5000
2737
1448
65
2037
9405
6527
9419
9615
5997
2644
8208
3814
9589
7496
7578
1648
6318
5811
3542
1332
6393
9873
7966
5350
8963
4331
3160
2692
1226
424
525
9553
399
3316
2204
4240
2492
9647
2335
4068
9096
9800
5615
4885
7368
5196
6100
7637
5513
4490
2719
9379
1067
873
3788
2528
1712
1836
7170
4224
6805
8868
1613
5140
5072
9975
5886
8518
3259
8016
1872
7092
7792
1767
6558
4208
9958
6995
6740
5719
5402
157
9875
673
8465
8006
7674
3353
6157
1867
1825
3165
2126
9864
9095
1544
1131
6491
1342
1742
9282
2635
5989
4696
6716
5609
8039
4513
2900
4453
5778
1855
9066
68
2507
1990
4755
1584
8575
1930
3715
65
541
7459
477
667
8323
8134
3129
4007
3334
9522
3624
5895
1862
3544
5141
1700
7121
4494
2765
6058
406
4357
8688
9255
941
538
8200
7152
4661
9178
8745
8772
9566
6554
1705
997
8329
2166
9186
4212
9453
1736
8678
5420
8651
7115
6979
5426
2003
1584
7143
9995
4264
9425
2165
6063
8338
565
9784
6109
3315
6675
7480
7486
7981
1402
1147
7502
5665
1552
5901
4873
8426
1465
2323
226
1964
6779
3549
9322
2647
255
1882
5839
1281
8379
3728
2147
5154
2286
4284
5087
8369
8347
6327
7943
7696
4458
5162
991
564
8251
6211
8766
743
6061
696
9026
1089
4558
3579
2629
148
947
6623
1167
7991
2122
3322
9707
2982
7422
7500
4878
2871
3244
6335
7957
6224
1379
6671
1967
9704
2113
3227
4748
3563
8844
9261
7459
2834
6525
7671
6202
5666
7300
9262
9409
1219
9448
7227
1488
3476
3662
3487
5971
6318
8300
423
5890
1142
2094
4081
5094
8982
6408
7470
7753
8574
173
8969
5326
7687
2176
6598
1441
1497
9993
4254
6463
1470
7035
7434
9081
3894
2963
94
3013
7420
7267
1688
6182
8392
8032
9593
4733
6279
5689
4100
7728
3064
8073
1796
4890
9816
591
5779
290
8929
1212
1544
7921
1230
1148
2272
9086
1554
6024
8960
348
9642
7323
7866
1047
1216
3828
3663
4939
5921
7932
2916
694
7153
3145
7975
2575
910
8737
2500
5238
8690
6339
2099
765
3901
3170
244
4184
2146
9508
4446
6481
1824
2458
1332
3247
1221
1153
538
3928
8686
697
8358
5989
6562
6418
7066
1733
3567
3168
9761
7620
500
2263
680
1677
402
5143
7263
7598
8653
4350
7472
9611
5863
90
7407
4390
2846
2110
5490
4077
4565
4967
7811
724
9841
3199
4116
2645
2373
3858
4131
1013
752
143
3070
7032
2564
5921
6648
5864
2427
223
2749
4866
1797
1681
7746
6626
7829
1380
9281
225
5533
5775
4995
859
5607
7527
2430
2518
3894
368
658
3375
7596
4341
3310
7367
4205
2250
824
6063
4883
2767
7709
4303
4420
4888
1414
7117
1809
1307
1996
1372
7248
8809
6573
7363
845
2177
1872
1024
5612
1842
7957
4908
321
3487
9232
145
8356
8760
2391
8585
5807
4662
6346
6905
9434
1414
3187
4638
4954
1275
9214
3447
7349
2109
1082
7283
2601
1430
7792
9228
6989
847
7589
9124
8280
4950
4155
9758
4497
9667
1356
7137
9510
1787
3673
8584
7297
6389
1408
2974
3032
9403
7532
4840
9924
1603
7234
979
756
2766
2105
2353
9475
9537
1289
8381
3655
2066
728
3063
4092
7077
2368
5964
4208
8760
5733
2181
7680
4523
4597
4756
179
7012
7345
2570
8277
2802
8380
9356
6327
6241
4977
3623
2661
7950
4362
49
9768
5211
7086
8306
2285
5444
1946
2628
5413
7235
4051
231
3935
5649
1451
7624
595
2463
4531
8882
2160
1876
6976
1093
2089
9575
7601
4886
9195
8479
591
7576
8930
5192
9622
666
3436
4346
2323
5232
1470
2069
6718
9430
8630
4719
2538
8066
8544
82
4299
7418
3309
4575
3959
6486
9185
4759
9424
7687
7100
8636
97
2184
124
2627
4055
548
3889
4013
9298
5192
6321
9622
2844
3403
9084
4573
5833
7579
3891
1237
7344
1513
9908
1772
3833
840
7129
5290
6455
497
9154
1052
8712
6715
2400
1330
1594
1450
6436
8725
4384
4469
9511
4990
9797
5468
763
7635
1185
9274
4866
2194
2618
1431
6590
4995
6813
2770
2728
632
189
8717
7348
3481
8603
6248
2101
1086
1702
7635
318
6188
965
3870
649
308
5971
5876
6650
4216
1385
8503
4230
4559
8403
7133
2737
5355
2220
6972
1158
1753
5915
7442
7355
6025
2114
1944
3939
4255
404
4759
3989
3689
9832
6444
2173
2609
779
1800
642
6981
1098
2235
8648
7606
5696
9970
8646
6318
6781
3150
2123
8357
2712
3160
9597
3909
6231
5506
994
861
4748
5407
7890
6403
3649
1317
2124
4269
199
4578
4153
6482
9628
9677
9310
413
9292
991
6598
9234
7401
2625
9231
1651
2381
4823
5411
3013
8111
4718
8106
5199
7269
9090
8910
1859
8025
6467
1375
8096
2927
5241
9512
5623
3686
8885
3010
2493
7773
3706
8087
3344
2855
8956
618
4349
6050
8312
3653
6033
6789
7908
1251
302
4296
2248
383
2705
440
2110
3629
8402
1451
4517
1031
2428
161
1228
2138
397
5211
253
1059
7472
6560
4552
8324
2361
334
3666
1323
3552
5935
3949
2005
706
5948
3786
2095
2245
245
4540
8189
1003
2050
4527
6703
40
2276
3081
1920
3879
2239
5232
2672
5561
4876
2364
8917
5872
5642
621
2942
1276
9397
5024
9240
9683
602
1231
1348
5062
9737
3367
4425
7682
9260
9854
9270
6724
1735
2436
3179
9729
7745
169
2072
2213
498
5888
4565
6570
3405
5842
6708
27
5664
3862
7429
6473
4889
7343
6360
4702
5852
1510
7304
4496
8642
2010
5158
3096
1044
2294
1267
7940
1640
754
2082
6074
9067
4700
269
9342
3312
152
39
2982
7864
6501
3874
123
2002
6275
4562
8755
7397
9666
7394
3469
6780
1132
2773
7660
3953
8966
8207
2776
2093
5138
1974
9217
862
8921
9395
3350
8842
9607
9565
8437
3764
5063
4248
4579
621
1874
5370
8238
3356
4610
2558
8129
1281
891
9741
1272
7782
2076
7785
1701
3831
2866
5772
6066
8036
3678
2609
6488
1732
3352
8368
2575
1309
6676
1520
9127
5985
4916
9112
983
7354
3662
6262
739
778
2511
4596
9907
5564
7328
2152
1986
7071
3177
3947
6165
5684
1251
6173
925
7510
4066
8743
3934
314
7314
7024
720
8823
5873
3636
5477
7655
4686
3105
7837
4926
3521
3396
4663
9435
2667
1828
1337
8589
2239
653
1409
8007
625
1953
6492
2727
285
4969
6168
8004
731
6626
582
3654
3842
470
2562
9930
1627
9448
6389
4406
1768
5876
1754
8938
420
9093
1728
648
5916
7561
8816
9381
2399
1875
8367
9424
242
7776
5286
9010
1223
2860
1440
8791
8686
358
2660
4492
8972
2785
3172
921
5868
988
2517
3793
5156
7364
3872
2072
4233
7256
3288
1589
4949
3469
6621
8968
1864
1571
5184
2605
1932
24
1992
5265
3358
3260
2388
1828
1754
677
5394
9968
3062
6900
640
2826
289
5655
7217
4406
4141
1536
2082
2752
2732
7094
1133
5448
7
2746
2109
5469
6548
781
5204
3437
6041
5584
5178
8763
8316
6284
7302
9763
3052
5460
4930
5035
4246
3047
2714
8522
2289
4186
7573
2237
747
5941
7752
2279
3687
9677
199
6153
3766
6163
7245
1922
4615
186
9581
7833
314
2831
9114
7849
6937
6036
2084
6828
7064
8685
53
779
9483
5438
4491
213
7306
6036
3830
5598
1617
4420
5940
3385
1131
8962
1323
4825
5584
7443
6503
6213
9948
1908
2548
27
5506
1676
8383
3718
1025
79
424
1330
6229
1973
8218
2559
5729
1770
2686
5332
6668
1015
941
7767
9498
5874
3845
8346
7917
8641
270
183
2731
5172
5293
352
2017
9108
761
6928
24
7574
8220
1350
9959
2453
956
9796
953
4831
9146
7970
4177
7183
9162
2840
7499
891
2725
5868
7509
1518
2027
8969
4718
7112
9309
6673
1117
9812
5738
6787
2965
4347
7641
3040
2263
1992
5559
1547
5689
2507
9536
2720
3638
2626
2451
8487
7078
3605
145
5640
9952
8560
806
3664
8045
583
5292
7861
1614
1716
7724
1031
4833
6405
550
4088
7199
4916
3
3149
5962
7687
6153
2581
1477
3497
7775
298
3492
1976
4258
5861
9463
8705
7991
5543
9857
2968
9905
1045
317
4733
3478
2035
8387
2587
1389
1509
2983
2003
9082
1810
1106
553
8333
4346
8278
7932
4456
201
2540
5724
1952
4060
5489
4567
2854
7748
8912
2789
6854
9912
9889
9685
7647
9584
5235
4567
7796
7808
4757
6012
1010
3841
5468
2426
5844
3062
9856
7748
6932
5837
8871
8473
8851
484
4406
6284
7018
831
8981
1397
273
3639
5458
2150
4464
869
4761
2384
612
6512
1827
6150
6357
4035
5005
4690
2726
2034
651
6743
4764
3950
6603
1144
2082
1942
3982
4903
7228
2753
7141
208
1339
2426
1849
4150
6049
7723
9662
6142
6021
4941
1496
843
8041
3519
6223
1562
4522
3893
7567
7935
2632
8691
4243
3023
3046
6266
7218
3456
5348
577
3786
3469
7196
264
5277
4159
2409
9386
3177
6009
2335
1441
1389
2194
4103
3598
633
88
2745
3992
4436
8019
335
1621
5300
6231
6343
9543
2970
1423
8362
9849
2619
3798
6491
2170
4422
2631
3138
4201
4627
521
3209
2610
5433
9827
470
215
8595
2918
411
1475
2019
5674
27
6171
6600
185
8077
8886
860
7500
5605
9678
657
6642
6610
8647
9357
3704
2946
6224
1107
3814
2733
6072
7876
4278
5424
6723
3782
5530
2040
3741
2468
8798
8978
8718
1046
2668
5856
5198
9138
6831
4303
2122
9923
1978
3671
2296
5385
6265
1666
8616
3025
4552
3729
476
967
8067
2363
8346
4873
3470
5351
7518
5933
8966
5117
4741
2086
4295
488
408
211
9312
6798
1109
4057
6452
8067
2901
6434
5650
9786
4713
6869
2535
3294
1030
8344
7394
7040
3251
9396
648
5106
2256
1192
2506
420
2665
944
1284
5356
9163
7255
8519
5019
3511
1707
1241
3390
2341
8897
875
1842
9722
4136
4859
28
2893
6113
5979
327
8710
5423
3810
2031
1192
3948
9426
286
7250
2157
2682
8741
976
3767
1708
1550
2535
4834
3121
4735
5216
3324
2940
5794
9028
5169
2524
5730
3322
1770
8454
6520
2172
1571
2531
8359
5825
5138
1718
2469
8967
1877
2065
8731
2542
4010
6423
5791
4333
1477
1701
1472
5455
2734
2061
9185
9886
857
8291
6474
5060
5274
8668
1195
5725
9768
3683
2290
4209
4321
5054
9839
160
5726
9680
9382
9887
873
1121
3333
9698
220
4955
8935
9706
1532
7670
7448
6961
2630
3286
7066
9108
7977
9683
583
3329
2484
5274
9064
2656
753
7090
2085
5046
8178
3073
3486
56
9706
7936
3817
4062
192
5388
1197
1176
1056
2879
1135
5093
2466
1471
1051
5793
3695
6549
1573
4654
8273
912
4352
2967
6154
7466
7855
785
4248
9851
8106
5587
7255
9294
308
7496
3832
3873
3834
1330
7873
5552
7614
5457
1189
5172
709
5396
405
760
2333
5711
3462
5965
868
9038
3637
3966
9845
3641
2265
8758
6276
5576
5496
8529
9915
7481
6892
9649
1158
2655
4407
7234
445
7709
1861
1247
9823
292
8546
4726
2759
2682
459
2473
7290
4716
473
1895
8638
5589
1099
5835
6994
4606
7795
8195
3177
8904
133
6483
8984
1432
1083
1451
2771
5075
1932
7687
3683
5579
4414
3909
8491
9160
9449
4236
1035
410
1934
3003
9940
4941
5704
2720
9068
3822
7218
7290
5749
1294
1466
3745
9098
9429
4180
2644
89
3720
8321
9779
3543
2910
2306
9151
6896
7840
6695
8958
3790
319
1917
5492
4573
7418
6040
1118
1740
2624
8221
2336
102
1586
2739
1938
7554
4973
746
5542
3015
7223
9565
8413
2164
9431
676
3275
9391
7130
1774
1640
5981
1364
1245
6776
2946
1684
914
6637
8521
8667
3258
5228
2133
8589
2953
3326
9145
4648
918
3015
2821
8262
4743
2844
1042
6078
4911
3856
5281
4544
9268
112
1230
7024
438
3489
1659
2738
9678
6646
8890
6167
643
5382
7322
1287
6114
1309
1863
6064
5599
2689
7595
2461
711
9624
3177
4810
4552
2152
8987
7767
5379
7808
202
1804
2481
8709
5823
8524
2228
4111
9368
7597
3919
8662
6269
3303
9545
2118
3507
7850
8781
5867
6080
7317
7637
905
304
1380
1609
330
56
3594
8547
3758
9529
8464
6213
7502
2280
1628
9005
3138
6907
3685
791
148
7462
133
1107
4820
5078
9665
5225
5836
6606
4966
4538
8903
5665
4260
9481
6382
383
1759
8826
4292
115
3555
5706
8611
9148
6504
9296
2357
5499
1718
8658
8600
6204
2987
7514
5772
9081
2187
5546
5102
8155
487
5437
6970
5698
1249
1265
8140
2519
3870
4050
6872
3296
1885
1961
5532
5204
7784
7397
8770
5103
1705
3544
7530
3992
9407
7717
5239
6754
7120
5592
9848
9296
8064
7671
5754
1116
1171
2519
6492
297
1712
2595
6260
215
2056
137
2672
7112
7509
3684
9440
7185
5749
9473
6898
9138
7113
2284
781
842
7193
5371
8242
3717
9291
1887
1503
6903
2803
198
471
2045
1709
6147
2815
7986
8153
2322
9193
5583
6823
9078
9798
9175
5907
1862
344
2306
8466
6792
2790
56
3390
9052
7668
2993
3165
2045
3298
1242
9785
5411
6627
1835
9388
9708
2497
9687
3595
300
7934
291
7045
579
2574
2778
3563
5822
6260
352
465
128
27
150
3254
6034
1958
1053
3329
2649
281
1055
8476
4504
2425
7162
3222
1589
8561
2670
7284
2784
3720
2186
9671
193
8863
8434
5588
625
9487
1411
3055
29
8546
74
2585
1574
4160
6946
829
1516
5502
300
6261
7980
4546
3412
9090
647
2633
257
9148
5413
589
2877
2534
8778
2593
5318
2646
8008
1311
7045
5284
2005
5
7517
2673
1695
3770
4838
8585
4237
999
3370
7084
7735
1652
5551
1977
9049
1936
2807
140
756
6262
1860
9178
7733
7756
8576
3658
8330
5005
1164
839
6578
1658
4439
6899
5509
2268
4017
2462
8020
5486
1697
7608
898
1624
3668
2579
6739
990
1111
5004
5539
443
8215
2251
6235
3944
390
1336
4415
290
33
6353
8652
3595
1536
8602
128
4815
6125
196
5082
2201
2681
3825
8756
6023
5739
2391
2509
2684
234
6739
8956
2052
8909
1807
9538
3581
1681
9415
1552
565
571
329
8137
8734
5471
444
6825
1321
7921
4162
8182
9986
5225
9984
9525
5624
6556
6925
160
9968
6744
9369
4359
3690
496
8081
8981
7460
3801
2656
884
9517
6516
3144
8259
61
9950
7809
1031
5380
6820
4145
8928
3280
9738
3053
8350
5954
7102
2494
2339
8627
3177
5176
2026
2707
2950
407
8137
899
7910
1307
1555
8980
9490
8117
8321
8927
9107
8178
5106
2566
4287
7336
3936
2122
7060
4863
70
3455
2410
1122
2239
5581
804
5766
1935
137
3064
8298
2200
355
1135
2175
8566
1
1775
441
2636
9516
4119
6215
3875
2137
5210
2800
8671
1082
607
9967
917
3782
936
6704
826
9511
7939
8235
5454
6226
2750
5905
1369
9581
2110
3092
7684
1148
9697
5484
1595
8844
2129
1447
9089
2563
6828
9777
9141
8631
4227
1172
9587
7343
720
545
7918
2999
6092
5168
1949
440
7343
7556
7460
695
5433
147
7765
3596
240
485
8902
1223
4555
3355
1124
7070
1503
2146
6360
7769
6040
615
8937
8226
2154
3053
1107
5927
5512
1244
6646
4226
3461
3917
1762
8651
7209
452
8433
4347
8278
7325
1573
7637
3243
7978
5589
9793
1177
8427
5730
9864
2901
5919
4286
4199
6285
3115
8527
3773
719
6633
7233
9943
3910
1362
7178
8463
5045
7678
2401
5776
5497
8059
1633
830
9851
9613
5019
9619
8451
4549
4890
9116
7635
5733
2347
3318
6515
8723
7164
2083
2200
9756
8324
4705
1083
8139
7156
749
5287
8218
3148
7780
7011
9384
2721
9146
9233
6347
6110
6350
8277
1080
7560
5326
7338
2497
6759
1783
1362
9742
9009
7536
1949
2831
1465
2071
2492
7137
2921
1724
245
2255
2779
8397
1978
9867
6254
9297
7749
4525
5254
4537
727
8763
773
5588
610
4138
3626
546
8931
6212
2135
4107
6228
1866
2359
9281
8000
8651
4543
7667
9273
3766
3093
5956
5751
1021
1422
8059
3265
4283
236
5180
3761
7447
2104
5367
6483
5145
3212
1471
750
8348
693
8606
8966
5588
1943
1095
8129
387
9873
7692
4921
4983
2818
9697
7729
8997
6268
2273
2380
4012
4071
5727
2154
4387
9674
191
3796
1029
2710
3943
698
5471
8307
3440
6667
2054
2543
5953
2981
4686
68
6510
1245
9161
378
5309
738
6285
9373
2681
429
5897
3936
8378
4107
9784
7681
6725
7358
2791
3471
1024
9473
7076
5754
3849
6267
344
650
1511
549
5766
6834
4433
3807
580
2822
5998
9952
6618
9867
1789
8717
7609
1166
6245
4636
2942
8103
3391
7945
5222
9311
4995
1193
4532
6049
3441
1741
9489
5213
9106
1177
3555
5186
9069
4134
81
5197
5885
132
4534
189
467
8356
613
9561
1657
2181
7804
8996
2519
605
9675
975
7353
9563
9382
8288
352
266
3385
2114
4824
7561
1549
6221
9162
793
5688
6711
1075
6694
3049
3323
2421
890
2932
1545
4460
9230
1258
1726
3731
1890
7454
3366
3272
8943
5043
2111
1086
522
8650
1392
1202
5820
1722
8809
752
2785
3056
7965
1350
4638
4282
1101
9721
2134
8079
311
9879
1694
2066
2671
9485
1551
9190
1084
2682
3276
7875
471
4979
2693
2921
2783
9992
8892
2389
2369
2711
3382
5026
2022
1248
2387
7762
4828
8969
3873
5053
2138
659
5070
857
4286
604
3613
1003
122
1958
1628
573
2399
4200
8467
401
184
6627
4831
2036
2394
5048
7359
3766
8874
1752
2415
425
192
5132
2164
7720
1306
3222
5510
1210
7876
744
837
8343
4471
1155
949
6010
6399
9283
5500
775
2722
4057
9582
3792
7694
2297
5462
9699
5442
7526
7848
8310
655
8778
9028
7125
720
8746
5982
1339
6984
857
4716
9375
3979
619
5008
1
896
5293
183
4758
5381
6148
1441
960
2084
7363
9937
1505
2804
7985
6935
5937
227
539
764
878
5747
9317
110
1332
1234
262
5485
3294
3727
6069
3765
1931
1017
8431
413
6852
5610
5979
9359
3180
996
5983
4537
7193
4507
6227
7508
1395
3459
1111
6867
3147
8683
6241
3869
1454
795
3881
415
8618
2953
7977
3996
4127
738
2191
5590
2585
3320
5845
3570
5806
4871
6723
6214
1955
8252
99
822
5716
6520
5094
1104
819
5985
8341
1125
3841
4681
3930
4441
1051
5060
3263
364
3558
116
8439
3850
5742
4279
28
6032
3292
228
985
1728
8614
5905
1129
2183
4571
7817
1616
5980
1807
6572
9817
2556
804
4151
991
2308
3930
8677
831
7119
7368
4214
1869
9297
1131
2256
9255
7218
3038
1363
5768
8271
4411
1793
4525
3085
8273
9070
5405
5503
583
756
2388
9499
9295
2074
5713
1960
5007
1062
6033
1931
1804
1408
4475
3074
119
2409
7934
6560
4317
1421
8135
4538
1449
7173
5784
9073
4541
847
4021
6881
9874
8545
4224
8410
8140
3564
4344
5613
6897
1934
7901
9289
522
8923
2152
6758
6795
9597
5225
4769
8272
8553
3520
6266
1785
7459
1312
3579
8504
1493
3392
4362
664
6876
9940
864
1872
5348
8732
4219
2168
2405
2988
1568
4588
8990
8092
1733
9038
65
3968
1519
8993
9759
4650
9623
6803
4997
3966
690
4394
7127
3975
8161
498
2380
6136
8022
8598
1930
8022
4697
2718
1588
8756
3498
2471
7153
5551
9815
1289
8063
1755
4992
2437
9815
2621
5049
3374
1827
1354
4080
9386
5485
7360
0
2408
3082
324
1701
9364
1127
9724
8240
8696
4450
4654
3229
54
2269
8920
7092
708
3694
4322
5101
1974
6810
8593
1720
2162
6915
4765
9771
5296
9312
7973
333
449
2237
305
531
2626
1298
1416
4776
5745
1192
9347
195
9551
9272
2657
1155
1014
2294
461
270
8380
2143
9326
7547
2089
3391
4701
4444
5814
4663
7532
8353
8006
1725
2021
2104
1481
1347
9040
201
6063
636
5177
18
8890
8108
8514
5566
1415
592
1572
7883
4303
7759
4412
1947
8632
6847
3652
1595
7569
3674
6127
1987
1182
8658
3401
9758
897
1795
8606
7451
5642
9608
9242
5138
640
2033
4913
5387
448
7779
9344
2139
2565
6145
9043
3072
2762
7033
7784
912
9068
6258
9444
3437
4338
8773
4357
8556
3249
9865
8952
9893
3195
3555
9548
8653
9241
5918
2039
1651
9369
7208
6375
9592
7865
8637
8475
578
6468
7863
2483
3363
684
8406
469
3637
1162
3037
5714
7609
1090
9933
1752
7937
6762
7622
1625
474
6540
1339
5676
5197
3225
1925
19
7448
5073
1579
796
89
2769
2945
5116
6107
5740
3886
7785
6724
3597
3810
278
3918
1611
1384
4277
725
7102
6648
1912
6704
1794
7024
2744
1763
857
3604
1306
5268
934
164
2463
8733
1239
8349
9499
5889
2194
9779
8344
3874
1844
5917
5611
2371
3877
4145
9399
602
4304
9633
1601
264
8898
3942
4692
2427
9361
4685
486
7732
2367
1823
7226
5141
6942
1541
5895
1805
7110
9243
6394
2231
9894
5573
7415
7439
7127
4224
54
6951
1175
2506
2796
6426
1925
1908
1334
3167
6856
6230
9789
1871
8164
5604
7207
6682
5967
4144
6554
839
6033
3217
1783
3211
9995
1458
6148
1484
2474
941
9242
7894
7084
8122
2353
1117
1282
2978
9784
2533
9718
6233
5129
5375
4527
1100
4588
6692
8194
247
7403
2326
8075
8714
9959
8661
8189
3645
5945
6448
1206
8625
1099
285
2423
1801
808
2619
3090
3593
1056
9509
884
2381
1633
2746
5062
2910
9923
5547
1758
3633
9122
9028
2523
528
3666
238
8770
4669
8462
468
9250
3219
7057
4181
3071
3023
681
4330
2572
5200
696
7353
1546
9291
6413
9145
8017
18
1058
4054
3052
9478
3303
2215
1610
6762
6784
2798
9826
3994
731
192
4407
2908
6916
2214
1468
2661
6476
4771
7898
2559
9847
8055
1151
8506
3028
9316
6281
3649
1443
63
563
2654
9059
4888
1136
8832
489
5469
4934
2476
71
3996
188
258
540
7448
1079
6818
841
7582
6337
3743
2484
2345
5708
8498
1488
1426
2917
1106
7357
156
9964
2194
3644
1327
2611
4235
1557
579
9766
8972
7484
1536
3674
4543
626
1683
856
5759
1176
5987
5339
7367
3721
2453
6712
4668
3784
4925
95
237
3448
9654
9023
9593
1835
2004
9422
2706
2365
263
7177
5425
7649
3123
424
2187
8236
3758
6310
6674
4097
3866
4224
8127
429
9348
2220
2110
5589
8219
5692
2202
4428
9845
5459
507
2088
8670
9591
8366
5351
1555
9351
1780
2767
4190
9567
4620
1731
5714
1210
3685
2669
7450
5255
5727
7848
2733
3008
7314
7325
6533
3926
1474
2305
6288
1857
7521
2076
9270
1319
7573
8557
9597
9498
4908
8716
2521
3175
3820
2304
3863
3115
608
1938
8092
7033
8720
6818
3818
1947
9232
329
7443
9189
3068
5759
3281
5216
2914
8685
4101
4677
1
2853
1662
6311
305
593
3788
727
7843
5049
485
2306
2649
7866
2264
1102
3433
1011
9777
1861
3743
3457
9181
513
5313
2462
3854
168
358
5253
3041
9914
6937
4713
4829
5049
8699
7174
479
3575
5287
6824
9364
1159
250
1163
1558
6413
2275
4163
4827
2135
887
3709
2330
4336
4312
3990
2544
8531
8758
7098
3858
6381
9142
7903
7684
1990
4979
4756
1273
3249
5298
2852
251
7537
2475
1759
9918
1022
965
8378
3616
3177
400
8374
2596
4509
7785
1983
2623
1447
8409
3222
2210
9143
8991
4561
9241
8902
960
545
1667
378
3100
1188
2708
7561
850
493
6407
3163
7463
3057
7832
6418
8947
114
801
9518
5692
913
6099
1084
6535
4608
6103
6831
3868
9654
2789
1346
922
3734
5045
8541
4459
5490
3957
1142
6601
5724
7979
5705
4113
5966
7898
1547
7351
9115
7354
6956
6842
853
3715
2331
2825
1455
3130
6558
6
982
8656
8674
5002
2732
7143
416
2921
9477
1031
1985
2343
6726
1168
8931
8268
7706
7440
2043
8900
2007
6087
2894
7818
9169
7721
6635
8358
413
1539
4540
4180
1945
2066
5725
1335
9626
8817
4395
3645
2469
8625
2049
389
290
398
526
591
1710
7120
2411
1043
4640
7647
9740
8516
4366
1867
2006
3910
1809
4698
1632
8174
3239
819
3900
9449
1255
6042
7975
4032
3850
4013
1551
9978
8584
7983
7285
5058
1472
6339
2643
5387
6541
3340
80
4913
5013
8642
6401
9954
6259
8327
1634
8156
9464
5914
2854
8569
8141
2684
524
329
1372
7665
1730
4510
6832
5818
8942
1726
1626
465
2058
8772
1989
4052
1136
760
2509
6501
7110
1120
2523
497
4684
9767
4212
2624
500
2077
2787
2189
7121
9328
2851
1559
3155
2617
5634
8150
7105
122
1330
6369
2697
6662
8946
1328
7540
5889
3853
5406
6909
6202
4113
9937
3859
3030
515
6653
1309
8592
1377
5894
4718
8365
1703
869
9114
4324
3110
2652
3559
9694
8114
2429
5927
6986
7355
3528
5797
5141
6111
9587
2366
6456
5453
2191
9650
210
397
3513
8010
2583
2079
7487
2141
8089
4177
579
6686
6582
1060
3812
1960
6595
5105
2987
8605
1831
840
2435
2586
2203
1946
3710
1072
65
8488
8995
8879
2417
2554
7452
1587
3756
2277
8543
8387
9691
6583
1643
1208
3272
3269
6774
603
8591
2727
6660
5842
5750
545
3883
9229
1307
9621
5013
1643
9373
6072
3365
4082
5773
7443
3149
6815
5974
5803
2991
9867
443
3602
979
1807
7969
9967
6265
729
8461
2540
8032
2079
1918
2990
2662
1683
7229
4698
5632
952
6420
3046
4508
9668
782
3886
5093
9495
30
5705
9880
4859
5394
2747
9781
5868
1177
7835
2135
2681
594
632
3191
7243
1511
2215
4845
6086
826
1104
281
9663
7407
3467
8450
7453
4651
6309
3741
6450
6410
1479
608
1819
8439
8824
5207
102
7560
2770
4886
6980
1624
1459
6960
2287
8793
1477
7160
446
729
8367
6870
6695
997
605
9101
1124
8972
1966
1050
5529
9765
4605
7231
8308
5714
547
8689
8406
4247
2650
1839
8786
7030
5077
2900
9187
1565
478
1455
7410
1651
543
2049
7529
4478
1414
5494
7314
3113
5411
2183
2835
1668
243
1391
7598
2204
8386
4861
6771
9757
1805
970
5130
2837
1606
8844
3710
714
9835
4697
9803
3311
5593
3968
3132
3139
2060
9013
1758
6986
5098
6571
8265
6161
1074
2615
9296
6204
6719
5394
6679
5074
3777
9839
3220
5611
6766
5822
7113
2361
452
3440
2321
7045
8771
2284
5497
3659
3465
8929
369
6584
1245
7917
2739
8675
5152
14
3187
3786
4449
7927
3399
2574
5792
6661
441
5234
6341
1906
7211
6784
6914
4890
2603
1965
8166
2620
407
6878
228
6867
3698
5675
7971
3126
5432
4338
823
6125
9230
7103
4384
6069
3229
7098
7057
9237
513
4898
1715
5602
77
1193
251
1376
4625
7728
7466
7642
4671
3333
628
9572
9706
4105
6692
606
9312
5207
7341
7532
3722
6082
1091
3236
7953
7646
8764
487
99
5570
7105
5220
2806
5260
713
2042
2541
69
5960
7676
585
6022
3235
1674
5457
9500
1656
7501
8372
7497
5948
1474
8670
6731
276
508
5914
144
5784
3987
7736
9834
2325
2273
3519
47
531
6687
676
2500
230
2859
9772
9340
7528
4621
3726
8331
5479
2459
4860
2656
7098
3081
5187
5602
7706
8772
6481
2986
2207
129
9367
9746
7257
7009
1360
3548
5616
233
5233
1846
7998
9295
9344
4604
6667
519
9162
2079
841
2863
2047
757
2161
4295
4561
2560
7517
2118
7278
3187
1336
7192
1113
8979
7379
3948
6496
3450
1098
2718
7049
3778
4278
4592
4671
64
4100
9358
8284
1070
6022
7602
9766
1566
2792
7717
9951
5244
8373
6136
9720
2996
2923
8578
8198
1747
1005
3578
120
4370
6856
6535
1607
3440
9688
2326
446
9199
1419
7948
557
643
9366
1532
569
4550
1559
1067
4694
2911
75
7923
711
6051
8705
2805
3253
2813
2046
658
4447
7851
914
6428
97
361
7675
7576
4088
1346
7736
3751
7316
2211
2049
3781
799
6098
246
8881
3997
7055
5253
542
948
5691
6864
3514
9087
7478
4477
5917
2718
2365
6048
7796
7279
1844
4518
6927
2339
8303
308
3816
4538
3272
6383
9445
6128
3996
9853
9119
3245
8023
3836
4099
455
2177
4801
3929
379
7128
7876
1588
9196
544
1482
8393
858
2969
4867
2931
1895
1568
1141
3078
8374
6329
9209
2355
9413
4027
7828
2092
2461
3932
6889
6360
3671
2703
6364
697
1986
3690
1882
3100
9170
3021
1192
5553
3178
4896
665
5180
1549
6797
1460
1595
9617
9966
2965
616
70
7832
3603
465
774
6216
2770
7671
9901
4156
4618
7284
7867
9637
4503
5696
3415
3515
7298
37
3990
4866
2224
3698
5581
3805
8938
4541
931
3312
1229
8300
6842
9513
5826
4790
8560
2386
976
8806
3937
4816
4609
7808
2159
752
3811
583
4804
979
3904
2189
4919
5126
7152
2780
6526
7640
7693
9445
7923
8806
9335
3751
2890
105
6825
5203
4226
4962
2764
4814
1594
5428
2299
3206
6405
8899
3478
4936
8929
1292
9866
4705
7764
4005
1425
8227
3481
1974
3831
8955
2538
2200
3757
8513
9005
333
8145
2496
4660
5313
3293
6710
9712
3663
1166
7838
4022
950
7240
7436
5173
1726
4953
936
6198
374
1083
1807
3797
2944
2670
839
5199
2559
1029
5634
3164
5087
3312
9812
1392
2582
5018
2552
3388
1353
8372
8415
8602
2626
7201
1035
1177
7553
915
9356
1301
9185
535
6792
5851
3612
3212
752
2667
1186
3289
5201
5439
3414
2303
2648
2283
1993
1533
826
7046
7259
7523
1235
8376
7422
2762
1885
5604
2670
3186
2483
7096
3166
7019
5190
9042
1205
6440
1168
6342
6537
2736
4967
8621
9594
4311
4388
3680
9314
8189
4293
7829
2604
1445
480
3449
9379
4457
409
6447
7900
4716
